  Config: v0,5,5, args "", priority lowest +19)
   Board: 4 x ARMv7 cores available, ondemand governor Pi3 rev 1,2, BCM2837 So  with 1GB RAM by Sony UK)
  Memory: 1024MB split 948MB ARM, 76MB GPU) plus 100MB Swap
HW Block: |   ARM   |  Core  |  H264  |    SDRAM    |
Min Freq: |  600 | 250 |   0 |    450   |
Max Freq: | 1200 | 400 | 300 |    450   |
Voltages: |         0, 1,2875V        | +1, 1,2250V |
   Other: temp_limit=85
Firmware: Jul 17 2020 11:04:27, version 21a15cb094f41c7506ad65d2cb9b29c550693057 clean) release) start)
  Codecs: H264 H263 MPG4 MJPG PCM
  Booted: Thu Sep 10 22:32:58 2020
22:33:55 1200  400    0 52,62  52,62  3,114           0           0
22:33:57  600  250    0 52,08  52,62    871          99           0
22:33:59  600  250    0 51,54  52,62    890         121           0
22:34:01  600  250    0 51,54  52,62    869          22           0
22:34:03  600  250    0 51,54  52,62    858          22           0
22:34:05 1200  400    0 52,62  52,62    927         178           0
22:34:07 1200  400    0 53,69  53,69    954          22           0
22:34:09 1200  400    0 53,69  53,69    951         100           0
22:34:11 1200  400    0 54,77  54,77    987          22           0
22:34:13 1200  400    0 54,77  54,77    987          22           0
22:34:15 1200  400    0 55,31  55,31    962         178           0
22:34:17 1200  400    0 54,77  55,31    993         100           0
22:34:19 1200  400    0 55,84  55,84  1,029          22           0
22:34:21 1200  400    0 56,38  56,38  1,024          22           0
22:34:23 1200  400    0 55,84  56,38    944          22           0
22:34:25 1200  400    0 56,92  56,92    945         178           0
22:34:27 1200  400    0 56,92  56,92    952         100           0
22:34:29 1200  400    0 56,92  56,92    949          22           0
22:34:31 1200  400    0 57,46  57,46    947          22           0
22:34:33 1200  400    0 57,46  57,46    951          22           0
22:34:35 1200  400    0 58,00  58,00    951         178           0
22:34:37 1200  400    0 58,00  58,00    949         100           0
22:34:40 1200  400    0 58,00  58,00    962          22           0
22:34:42 1200  400    0 58,00  58,00    959          22           0
22:34:44 1200  400    0 58,00  58,00    949         100           0
22:34:46 1200  400    0 58,00  58,00    954         100           0
22:34:48 1200  400    0 58,00  58,00    950         100           0
22:34:50 1200  400    0 58,53  58,53    957          22           0
22:34:52 1200  400    0 58,00  58,53    964          22           0
22:34:54 1200  400    0 58,53  58,53    949         100           0
22:34:56 1200  400    0 58,00  58,53    954         100           0
22:34:58 1200  400    0 58,53  58,53    953         100           0
22:35:00 1200  400    0 58,53  58,53    959          22           0
22:35:02 1200  400    0 59,07  59,07    970          22           0
22:35:04 1200  400    0 58,53  59,07    947         100           0
22:35:06 1200  400    0 59,07  59,07    951         100           0
22:35:08 1200  400    0 59,07  59,07    954         100           0
22:35:10 1200  400    0 58,53  59,07    947          22           0
22:35:12 1200  400    0 58,53  59,07    949          22           0
22:35:14 1200  400    0 59,61  59,61    974         100           0
22:35:16 1200  400    0 59,61  59,61    954         100           0
22:35:18 1200  400    0 59,07  59,61    953         100           0
22:35:20 1200  400    0 59,07  59,61  1,147         171         247
22:35:22 1200  400    0 59,07  59,61    953          57          46
22:35:24 1200  400    0 59,61  59,61    968         100           0
22:35:26 1200  400    0 60,15  60,15    953         100           0
22:35:28 1200  400    0 59,07  60,15    954         100           0
22:35:31 1200  400    0 59,61  60,15    953          22           0
22:35:33 1200  400    0 59,61  60,15    944          22           0
22:35:35 1200  400    0 60,15  60,15    950         178           0
22:35:37 1200  400    0 60,15  60,15    952          22           0
22:35:39 1200  400    0 59,07  60,15    949         100           0
22:35:41 1200  400    0 60,15  60,15    955          45           0
22:35:43 1200  400    0 59,61  60,15    947          22           0
22:35:45 1200  400    0 60,15  60,15    951         178           0
22:35:47 1200  400    0 60,15  60,15    946         100           0
22:35:49 1200  400    0 59,07  60,15    946          22           0
22:35:51 1200  400    0 60,69  60,69    952          22           0
22:35:53 1200  400    0 60,15  60,69    951          22           0
22:35:55 1200  400    0 60,15  60,69    949         178           0
22:35:57 1200  400    0 60,69  60,69    953         100           0
22:35:59 1200  400    0 60,69  60,69    947          22           0
22:36:01 1200  400    0 60,15  60,69    965          22           0
22:36:03 1200  400    0 60,69  60,69    944          22           0
22:36:05 1200  400    0 60,15  60,69    944         178           0
22:36:07 1200  400    0 60,69  60,69    951         100           0
22:36:09 1200  400    0 60,69  60,69    948          22           0
22:36:11 1200  400    0 60,15  60,69    947          22           0
22:36:13 1200  400    0 60,69  60,69    948          22           0
22:36:15 1200  400    0 60,69  60,69    953         178           0
22:36:17 1200  400    0 60,69  60,69    945         100           0
22:36:19 1200  400    0 60,69  60,69  1,050          22           0
22:36:21 1200  400    0 60,69  60,69  1,009          22           0
22:36:24 1200  400    0 61,22  61,22    945          22           0
22:36:26 1200  400    0 61,22  61,22    947         178           0
22:36:28 1200  400    0 60,69  61,22    952         100           0
22:36:30 1200  400    0 60,15  61,22    945          22           0
22:36:32 1200  400    0 61,22  61,22    946          22           0
22:36:34 1200  400    0 61,22  61,22    950         100           0
22:36:36 1200  400    0 61,22  61,22    951         100           0
22:36:38 1200  400    0 60,69  61,22    950         100           0
22:36:40 1200  400    0 61,22  61,22    961          22           0
22:36:42 1200  400    0 61,22  61,22    961          22           0
22:36:44 1200  400    0 61,22  61,22    957         100           0
22:36:46 1200  400    0 61,22  61,22    951         100           0
22:36:48 1200  400    0 61,22  61,22    955         100           0
22:36:50 1200  400    0 61,22  61,22    946          22           0
22:36:52 1200  400    0 61,22  61,22    953          22           0
22:36:54 1200  400    0 61,22  61,22    948         100           0
22:36:56 1200  400    0 61,22  61,22    952         100           0
22:36:58 1200  400    0 61,22  61,22    942         100           0
22:37:00 1200  400    0 62,30  62,30    948          22           0
22:37:02 1200  400    0 61,76  62,30    963          22           0
22:37:04 1200  400    0 62,30  62,30    952         100           0
22:37:06 1200  400    0 61,22  62,30    949         100           0
22:37:08 1200  400    0 61,76  62,30    958         100           0
22:37:10 1200  400    0 61,22  62,30    946          22           0
22:37:12 1200  400    0 61,22  62,30    949          22           0
22:37:15 1200  400    0 61,22  62,30    955         100           0
22:37:17 1200  400    0 62,30  62,30    952         100           0
22:37:19 1200  400    0 61,76  62,30    949         100           0
22:37:21 1200  400    0 61,22  62,30  1,110          22           0
22:37:23 1200  400    0 61,76  62,30    977          22           0
22:37:25 1200  400    0 61,76  62,30    965         123           0
22:37:27 1200  400    0 62,30  62,30    942         100           0
22:37:29 1200  400    0 62,30  62,30    954         100           0
22:37:31 1200  400    0 61,22  62,30    959          22           0
22:37:33 1200  400    0 62,30  62,30    947          22           0
22:37:35 1200  400    0 62,30  62,30    952         178           0
22:37:37 1200  400    0 61,76  62,30    954         100           0
22:37:39 1200  400    0 62,30  62,30    948          22           0
22:37:41 1200  400    0 61,22  62,30    947          22           0
22:37:43 1200  400    0 62,30  62,30    967          22           0
22:37:45 1200  400    0 62,30  62,30    959         178           0
22:37:47 1200  400    0 61,76  62,30    947         100           0
22:37:49 1200  400    0 62,30  62,30    962          22           0
22:37:51 1200  400    0 62,30  62,30    948          22           0
22:37:53 1200  400    0 62,30  62,30    949          22           0
22:37:55 1200  400    0 62,30  62,30    953         178           0
22:37:57 1200  400    0 62,30  62,30    953         100           0
22:37:59 1200  400    0 62,30  62,30    952          22           0
22:38:01 1200  400    0 62,30  62,30    952          22           0
22:38:03 1200  400    0 62,30  62,30    996          22           0
22:38:06 1200  400    0 62,30  62,30    952         178           0
22:38:08 1200  400    0 62,30  62,30    950         100           0
22:38:10 1200  400    0 62,30  62,30    965          22           0
22:38:12 1200  400    0 62,30  62,30    955          22           0
22:38:14 1200  400    0 62,30  62,30    960         100           0
22:38:16 1200  400    0 62,30  62,30    952         100           0
22:38:18 1200  400    0 62,30  62,30    949         100           0
22:38:20 1200  400    0 62,30  62,30  1,051          22           0
22:38:22 1200  400    0 62,30  62,30    955          22           0
22:38:24 1200  400    0 62,30  62,30    991         100           0
22:38:26 1200  400    0 62,30  62,30    948         100           0
22:38:28 1200  400    0 62,30  62,30    950         100           0
22:38:30 1200  400    0 62,30  62,30    949          22           0
22:38:32 1200  400    0 62,84  62,84    953          22           0
22:38:34 1200  400    0 62,84  62,84    947         100           0
22:38:36 1200  400    0 62,30  62,84    949         100           0
22:38:38 1200  400    0 62,30  62,84    949         100           0
22:38:40 1200  400    0 62,84  62,84    947          22           0
22:38:42 1200  400    0 62,30  62,84    934          22           0
22:38:44 1200  400    0 62,30  62,84    992         100           0
22:38:46 1200  400    0 63,38  63,38    950         100           0
22:38:48 1200  400    0 62,84  63,38    954         100           0
22:38:50 1200  400    0 62,30  63,38    950          22           0
22:38:52 1200  400    0 62,30  63,38    947          22           0
22:38:54 1200  400    0 62,30  63,38    949         100           0
22:38:56 1200  400    0 62,30  63,38    954         100           0
22:38:59 1200  400    0 63,38  63,38    953         100           0
22:39:01 1200  400    0 63,38  63,38    945          22           0
22:39:03 1200  400    0 63,38  63,38    949          22           0
22:39:05 1200  400    0 63,38  63,38    990         100           0
22:39:07 1200  400    0 62,84  63,38    947         123           0
22:39:09 1200  400    0 62,84  63,38    949         100           0
22:39:11 1200  400    0 62,84  63,38    944          22           0
22:39:13 1200  400    0 62,84  63,38    947          22           0
22:39:15 1200  400    0 62,30  63,38    949         100           0
22:39:17 1200  400    0 62,84  63,38    957         100           0
22:39:19 1200  400    0 62,84  63,38  1,001         100           0
22:39:21 1200  400    0 62,84  63,38  1,100          22           0
22:39:23 1200  400    0 62,30  63,38    946          22           0
22:39:25 1200  400    0 63,38  63,38    970         178           0
22:39:27 1200  400    0 62,84  63,38    951         100           0
22:39:29 1200  400    0 63,38  63,38    954          22           0
22:39:31 1200  400    0 62,84  63,38    947          22           0
22:39:33 1200  400    0 63,38  63,38    949          22           0
22:39:35 1200  400    0 63,38  63,38    951         178           0
22:39:37 1200  400    0 62,84  63,38    946          22           0
22:39:39 1200  400    0 63,38  63,38    958         100           0
22:39:41 1200  400    0 63,91  63,91    952          22           0
22:39:43 1200  400    0 62,84  63,91    949          22           0
22:39:45 1200  400    0 63,38  63,91    969         179           0
22:39:47 1200  400    0 63,38  63,91    948         100           0
22:39:50 1200  400    0 63,38  63,91    949          22           0
22:39:52 1200  400    0 63,38  63,91    947          22           0
22:39:54 1200  400    0 63,38  63,91    954          22           0
22:39:56 1200  400    0 62,84  63,91    953         178           0
22:39:58 1200  400    0 63,38  63,91    950         100           0
22:40:00 1200  400    0 63,38  63,91    953          22           0
22:40:02 1200  400    0 63,38  63,91    953          22           0
22:40:04 1200  400    0 63,38  63,91    962         100           0
22:40:06 1200  400    0 63,38  63,91    965         100           0
22:40:08 1200  400    0 62,84  63,91    956         100           0
22:40:10 1200  400    0 63,38  63,91    953          22           0
22:40:12 1200  400    0 63,38  63,91    952          22           0
22:40:14 1200  400    0 63,38  63,91    954         100           0
22:40:16 1200  400    0 63,38  63,91    952         337           0
22:40:18 1200  400    0 63,38  63,91    949         100           0
22:40:20 1200  400    0 64,45  64,45  1,140          22           0
22:40:22 1200  400    0 63,38  64,45    963          22           0
22:40:24 1200  400    0 62,84  64,45    947         100           0
22:40:26 1200  400    0 63,38  64,45    966         100           0
22:40:28 1200  400    0 63,38  64,45    939         100           0
22:40:30 1200  400    0 63,91  64,45    951          22           0
22:40:32 1200  400    0 63,38  64,45    952          22           0
22:40:34 1200  400    0 63,38  64,45    987         100           0
22:40:36 1200  400    0 63,38  64,45    947         100           0
22:40:38 1200  400    0 63,38  64,45    956         100           0
22:40:41 1200  400    0 63,91  64,45    954          22           0
22:40:43 1200  400    0 63,91  64,45    948          22           0
22:40:45 1200  400    0 63,38  64,45    961         100           0
22:40:47 1200  400    0 63,38  64,45    967         100           0
22:40:49 1200  400    0 63,38  64,45    958         100           0
22:40:51 1200  400    0 63,91  64,45    956          45           0
22:40:53 1200  400    0 63,38  64,45    953          22           0
22:40:55 1200  400    0 63,38  64,45    951         100           0
22:40:57 1200  400    0 63,91  64,45    951         100           0
22:40:59 1200  400    0 63,38  64,45    944         100           0
22:41:01 1200  400    0 63,38  64,45    945          22           0
22:41:03 1200  400    0 63,38  64,45    947          22           0
22:41:05  600  250    0 62,84  64,45    932         176           0
22:41:07  600  250    0 61,22  64,45    860          99           0
22:41:09  600  250    0 60,15  64,45    862          22           0
22:41:11  600  250    0 60,15  64,45    870          22           0
22:41:13  600  250    0 59,07  64,45    850          22           0
22:41:15  600  250    0 59,07  64,45    853         176           0
22:41:17  600  250    0 58,53  64,45    843          99           0
22:41:19  600  250    0 58,53  64,45    981          22           0
22:41:21  600  250    0 58,53  64,45    927          22           0
22:41:24  600  250    0 58,00  64,45    854          22           0
22:41:26  600  250    0 58,00  64,45    876         176           0
22:41:28  600  250    0 58,00  64,45    847          99           0
22:41:30  600  250    0 58,00  64,45    859          22           0
22:41:32  600  250    0 58,00  64,45    844          22           0
22:41:34  600  250    0 58,00  64,45    856          22           0
22:41:36  600  250    0 57,46  64,45    866         176           0
22:41:38  600  250    0 58,00  64,45    881          99           0
22:41:40  600  250    0 58,00  64,45    882          22           0
22:41:42  600  250    0 57,46  64,45    855          22           0
22:41:44  600  250    0 56,92  64,45    858          99           0
22:41:46  600  250    0 56,92  64,45    859          99           0
22:41:48  600  250    0 56,92  64,45    853          99           0
22:41:50  600  250    0 56,92  64,45    852          22           0
22:41:52  600  250    0 56,92  64,45    849          22           0
22:41:54  600  250    0 56,92  64,45    856          99           0
22:41:57  600  250    0 56,92  64,45    847          99           0
22:41:59  600  250    0 56,92  64,45    861          99           0
22:42:01  600  250    0 56,38  64,45    850          22           0
22:42:03  600  250    0 56,38  64,45    850          22           0
22:42:05  600  250    0 56,92  64,45    855         121           0
22:42:07  600  250    0 55,84  64,45    864          99           0
22:42:09  600  250    0 56,38  64,45    861          99           0
22:42:11  600  250    0 55,84  64,45    845          22           0
22:42:13  600  250    0 56,38  64,45    850          22           0
22:42:15  600  250    0 55,84  64,45    856          99           0
22:42:17  600  250    0 55,84  64,45    860          99           0
22:42:19  600  250    0 56,38  64,45    916          99           0
22:42:21  600  250    0 55,84  64,45    920          22           0
22:42:23  600  250    0 55,84  64,45    859          22           0
22:42:25  600  250    0 55,84  64,45    861         176           0
22:42:27  600  250    0 55,84  64,45    852          99           0
22:42:29  600  250    0 55,84  64,45    851          22           0
22:42:32  600  250    0 55,84  64,45    851          22           0
22:42:34  600  250    0 55,84  64,45    842          22           0
22:42:36  600  250    0 55,84  64,45    862         176           0
22:42:38  600  250    0 55,84  64,45    858          99           0
22:42:40  600  250    0 55,84  64,45    860          22           0
22:42:42  600  250    0 55,31  64,45    848          22           0
22:42:44  600  250    0 55,84  64,45    840          22           0
22:42:46  600  250    0 55,84  64,45    875         176           0
22:42:48  600  250    0 54,77  64,45    858          99           0
22:42:50  600  250    0 55,84  64,45    856          22           0
22:42:52  600  250    0 54,77  64,45    851          22           0
22:42:54  600  250    0 54,77  64,45    841          99           0
22:42:56  600  250    0 54,77  64,45    856          99           0
22:42:58  600  250    0 54,77  64,45    851          99           0
22:43:00  600  250    0 54,77  64,45    857          22           0
22:43:02  600  250    0 55,31  64,45    851          22           0
22:43:04  600  250    0 55,31  64,45    852          99           0
22:43:07  600  250    0 54,77  64,45    870          99           0
22:43:09  600  250    0 54,77  64,45    854          99           0
22:43:11  600  250    0 54,77  64,45    858          22           0
22:43:13  600  250    0 54,77  64,45    847          44           0
22:43:15  600  250    0 54,23  64,45    860          99           0
22:43:17  600  250    0 54,77  64,45    853          99           0
22:43:19  600  250    0 54,77  64,45    880          99           0
22:43:21  600  250    0 54,77  64,45    932          22           0
22:43:23  600  250    0 54,77  64,45    847          22           0
22:43:25  600  250    0 54,77  64,45    870          99           0
22:43:27  600  250    0 54,77  64,45    857          99           0
22:43:29  600  250    0 54,77  64,45    855          99           0
22:43:31  600  250    0 54,23  64,45    859          22           0
22:43:33  600  250    0 54,77  64,45    842          22           0
22:43:35  600  250    0 54,77  64,45    860         176           0
22:43:37  600  250    0 54,77  64,45    847          99           0
22:43:39  600  250    0 54,77  64,45    853          22           0
22:43:42  600  250    0 54,77  64,45    853          22           0
22:43:44  600  250    0 54,23  64,45    852          22           0
22:43:46  600  250    0 54,23  64,45    868         176           0
22:43:48  600  250    0 54,77  64,45    853          99           0
22:43:50  600  250    0 54,23  64,45    866          22           0
22:43:52  600  250    0 54,77  64,45    845          22           0
22:43:54  600  250    0 54,23  64,45    850          22           0
22:43:56  600  250    0 54,77  64,45    855         176           0
22:43:58  600  250    0 54,23  64,45    866          99           0
22:44:00  600  250    0 54,77  64,45    855          22           0
22:44:02  600  250    0 54,77  64,45    844          22           0
22:44:04 1200  400    0 54,23  64,45    903         100           0
22:44:06 1200  400    0 58,00  64,45  1,041         100           0
22:44:08 1200  400    0 59,61  64,45  1,029         100           0
22:44:10 1200  400    0 60,15  64,45  1,029          22           0
22:44:12 1200  400    0 61,22  64,45  1,027          22           0
22:44:14 1200  400    0 61,76  64,45  1,044         100           0
22:44:16 1200  400    0 62,30  64,45  1,036         100           0
22:44:18 1200  400    0 62,30  64,45  1,030         100           0
22:44:20 1200  400    0 62,84  64,45  1,255          22           0
22:44:23 1200  400    0 63,38  64,45  1,027          22           0
22:44:25 1200  400    0 63,38  64,45  1,026         100           0
22:44:27 1200  400    0 63,38  64,45  1,055         100           0
22:44:29 1200  400    0 63,38  64,45  1,032         100           0
22:44:31 1200  400    0 63,38  64,45  1,018          22           0
22:44:33 1200  400    0 63,91  64,45  1,017          45           0
22:44:35 1200  400    0 64,45  64,45  1,021         100           0
22:44:37 1200  400    0 64,99  64,99  1,027         100           0
22:44:39 1200  400    0 65,53  65,53  1,024         100           0
22:44:41 1200  400    0 64,99  65,53  1,023          22           0
22:44:43 1200  400    0 64,99  65,53  1,017          22           0
22:44:45 1200  400    0 65,53  65,53  1,026         100           0
22:44:47 1200  400    0 65,53  65,53  1,055         100           0
22:44:49 1200  400    0 65,53  65,53  1,033         100           0
22:44:51 1200  400    0 65,53  65,53  1,030          22           0
22:44:53 1200  400    0 66,60  66,60  1,017          22           0
22:44:55 1200  400    0 66,60  66,60  1,059         327         246
22:44:57 1200  400    0 66,60  66,60  1,021          57          46
22:44:59 1200  400    0 66,60  66,60  1,027         100           0
22:45:01 1200  400    0 66,60  66,60  1,023          22           0
22:45:03 1200  400    0 66,60  66,60  1,021          22           0
22:45:05 1200  400    0 66,60  66,60  1,029         178           0
22:45:07 1200  400    0 66,60  66,60  1,047         100           0
22:45:09 1200  400    0 66,60  66,60  1,052          22           0
22:45:11 1200  400    0 66,60  66,60  1,025          22           0
22:45:14 1200  400    0 67,14  67,14  1,018          22           0
22:45:16 1200  400    0 67,14  67,14  1,021         178           0
22:45:18 1200  400    0 67,68  67,68  1,028         100           0
22:45:20 1200  400    0 67,68  67,68  1,179          22           0
22:45:22 1200  400    0 67,68  67,68  1,060          22           0
22:45:24 1200  400    0 67,68  67,68  1,037          22           0
22:45:26 1200  400    0 67,68  67,68  1,040         178           0
22:45:28 1200  400    0 68,22  68,22  1,051         100           0
22:45:30 1200  400    0 68,22  68,22  1,061          22           0
22:45:32 1200  400    0 68,22  68,22  1,044          22           0
22:45:34 1200  400    0 68,76  68,76  1,035          22           0
22:45:36 1200  400    0 68,76  68,76  1,043         178           0
22:45:38 1200  400    0 68,22  68,76  1,040         100           0
22:45:40 1200  400    0 68,76  68,76  1,038          22           0
22:45:42 1200  400    0 68,76  68,76  1,041          22           0
22:45:44 1200  400    0 68,76  68,76  1,065         100           0
22:45:46 1200  400    0 68,76  68,76  1,055         100           0
22:45:48 1200  400    0 68,76  68,76  1,061         100           0
22:45:50 1200  400    0 69,29  69,29  1,037          22           0
22:45:52 1200  400    0 68,76  69,29  1,038          22           0
22:45:54 1200  400    0 69,29  69,29  1,040         100           0
22:45:56 1200  400    0 68,76  69,29  1,039         100           0
22:45:58 1200  400    0 68,76  69,29  1,042         100           0
22:46:00 1200  400    0 68,76  69,29  1,043          22           0
22:46:02 1200  400    0 69,29  69,29  1,039          22           0
22:46:05 1200  400    0 69,29  69,29  1,036         100           0
22:46:07 1200  400    0 69,29  69,29  1,042         100           0
22:46:09 1200  400    0 69,83  69,83  1,084         100           0
22:46:11 1200  400    0 69,29  69,83  1,108          22           0
22:46:13 1200  400    0 69,83  69,83  1,045          22           0
22:46:15 1200  400    0 69,29  69,83  1,043         122           0
22:46:17 1200  400    0 69,83  69,83  1,040         100           0
22:46:19 1200  400    0 69,83  69,83  1,073         100           0
22:46:21 1200  400    0 69,83  69,83  1,267          22           0
22:46:23 1200  400    0 70,37  70,37  1,038          22           0
22:46:25 1200  400    0 69,83  70,37  1,040         100           0
22:46:27 1200  400    0 69,83  70,37  1,040         100           0
22:46:29 1200  400    0 70,37  70,37  1,079         100           0
22:46:31 1200  400    0 69,83  70,37  1,040          22           0
22:46:33 1200  400    0 68,76  70,37  1,038          22           0
22:46:35 1200  400    0 68,76  70,37  1,037         100           0
22:46:37 1200  400    0 68,76  70,37  1,041         100           0
22:46:39 1200  400    0 67,68  70,37  1,039         100           0
22:46:41 1200  400    0 67,68  70,37  1,037          22           0
22:46:43 1200  400    0 66,60  70,37  1,044          22           0
22:46:45 1200  400    0 66,60  70,37  1,046         178           0
22:46:47 1200  400    0 65,53  70,37  1,043          22           0
22:46:49 1200  400    0 64,99  70,37  1,070         100           0
22:46:51 1200  400    0 64,99  70,37  1,037          22           0
22:46:53 1200  400    0 64,45  70,37  1,041          22           0
22:46:56 1200  400    0 63,38  70,37  1,043         178           0
22:46:58 1200  400    0 62,30  70,37  1,042         100           0
22:47:00 1200  400    0 61,76  70,37  1,040          22           0
22:47:02 1200  400    0 62,84  70,37  1,037          22           0
22:47:04 1200  400    0 62,30  70,37  1,037          22           0
22:47:06 1200  400    0 61,22  70,37  1,040         178           0
22:47:08 1200  400    0 61,22  70,37  1,044         100           0
22:47:10 1200  400    0 61,22  70,37  1,072          22           0
22:47:12 1200  400    0 61,22  70,37  1,050          22           0
22:47:14 1200  400    0 60,69  70,37  1,035          22           0
22:47:16 1200  400    0 60,15  70,37  1,044         178           0
22:47:18 1200  400    0 59,07  70,37  1,038         100           0
22:47:20 1200  400    0 59,07  70,37  1,241          22           0
22:47:22 1200  400    0 59,07  70,37  1,035          22           0
22:47:24 1200  400    0 59,07  70,37  1,041          22           0
22:47:26 1200  400    0 58,00  70,37  1,046         178           0
22:47:28 1200  400    0 58,00  70,37  1,041         100           0
22:47:30 1200  400    0 58,00  70,37  1,055          22           0
22:47:32 1200  400    0 58,00  70,37  1,090          22           0
22:47:34 1200  400    0 56,92  70,37  1,083         100           0
22:47:36 1200  400    0 57,46  70,37  1,045         100           0
22:47:38 1200  400    0 56,92  70,37  1,043         100           0
22:47:40 1200  400    0 56,92  70,37  1,068          22           0
22:47:42 1200  400    0 56,38  70,37  1,041          22           0
22:47:44 1200  400    0 56,38  70,37  1,043         100           0
22:47:47 1200  400    0 56,38  70,37  1,040         100           0
22:47:49 1200  400    0 56,38  70,37  1,044         100           0
22:47:51 1200  400    0 56,38  70,37  1,042          22           0
22:47:53 1200  400    0 55,84  70,37  1,054          22           0
22:47:55 1200  400    0 55,84  70,37  1,032         100           0
22:47:57 1200  400    0 54,77  70,37  1,054         122           0
22:47:59 1200  400    0 55,84  70,37  1,041         100           0
22:48:01 1200  400    0 55,31  70,37  1,037          22           0
22:48:03 1200  400    0 55,31  70,37  1,044          22           0
22:48:05 1200  400    0 54,77  70,37  1,037         100           0
22:48:07 1200  400    0 54,23  70,37  1,038         100           0
22:48:09 1200  400    0 54,77  70,37  1,070         100           0
22:48:11 1200  400    0 54,77  70,37  1,049          22           0
22:48:13 1200  400    0 54,23  70,37  1,041          22           0
22:48:15 1200  400    0 54,77  70,37  1,075         100           0
22:48:17 1200  400    0 54,77  70,37  1,038         100           0
22:48:19 1200  400    0 53,69  70,37  1,166         100           0
22:48:21 1200  400    0 53,69  70,37  1,130          22           0
22:48:23 1200  400    0 53,69  70,37  1,033          22           0
22:48:25 1200  400    0 53,69  70,37  1,052         100           0
22:48:27 1200  400    0 53,69  70,37  1,041         100           0
22:48:29 1200  400    0 53,69  70,37  1,038         100           0
22:48:31 1200  400    0 53,69  70,37  1,053          22           0
22:48:33 1200  400    0 53,69  70,37  1,043          22           0
22:48:35 1200  400    0 53,15  70,37  1,065         179           0
22:48:38 1200  400    0 53,15  70,37  1,040         100           0
22:48:40 1200  400    0 53,15  70,37  1,092          22           0
22:48:42 1200  400    0 53,69  70,37  1,037          22           0
22:48:44 1200  400    0 53,69  70,37  1,044          22           0
22:48:46 1200  400    0 52,62  70,37  1,069         178           0
22:48:48 1200  400    0 53,69  70,37  1,042          22           0
22:48:50 1200  400    0 53,69  70,37  1,044         100           0
22:48:52 1200  400    0 53,15  70,37  1,052          22           0
22:48:54 1200  400    0 53,15  70,37  1,058          22           0
22:48:56 1200  400    0 52,62  70,37  1,043         178           0
22:48:58 1200  400    0 52,62  70,37  1,038         100           0
22:49:00 1200  400    0 52,62  70,37  1,038          22           0
22:49:02 1200  400    0 52,62  70,37  1,044          22           0
22:49:04 1200  400    0 52,62  70,37  1,073          22           0
22:49:06 1200  400    0 52,62  70,37  1,044         178           0
22:49:08 1200  400    0 52,62  70,37  1,045         100           0
22:49:10 1200  400    0 52,62  70,37  1,059          22           0
22:49:12 1200  400    0 52,08  70,37  1,042          22           0
22:49:14 1200  400    0 52,62  70,37  1,066          22           0
22:49:16 1200  400    0 52,62  70,37  1,039         178           0
22:49:18 1200  400    0 52,62  70,37  1,038         100           0
22:49:20 1200  400    0 52,62  70,37  1,280          22           0
22:49:22 1200  400    0 52,62  70,37  1,034          22           0
22:49:24 1200  400    0 52,08  70,37  1,065         100           0
22:49:26 1200  400    0 52,08  70,37  1,046         100           0
22:49:29 1200  400    0 52,08  70,37  1,041         100           0
22:49:31 1200  400    0 52,08  70,37  1,050          22           0
22:49:33 1200  400    0 52,08  70,37  1,046          22           0
22:49:35 1200  400    0 52,08  70,37  1,042         100           0
22:49:37 1200  400    0 52,62  70,37  1,042         100           0
22:49:39 1200  400    0 52,08  70,37  1,051         122           0
22:49:41 1200  400    0 52,08  70,37  1,042          22           0
22:49:43 1200  400    0 51,54  70,37  1,041          22           0
22:49:45 1200  400    0 51,54  70,37  1,114         100           0
22:49:47 1200  400    0 52,08  70,37  1,059         100           0
22:49:49 1200  400    0 52,08  70,37  1,046         100           0
22:49:51 1200  400    0 52,08  70,37  1,054          22           0
22:49:53 1200  400    0 52,08  70,37  1,038          22           0
22:49:55 1200  400    0 52,08  70,37  1,072         100           0
22:49:57 1200  400    0 52,08  70,37  1,039         100           0
22:49:59 1200  400    0 52,08  70,37  1,078         100           0
22:50:01 1200  400    0 51,54  70,37  1,039          22           0
22:50:03 1200  400    0 52,08  70,37  1,044          22           0
22:50:05 1200  400    0 51,54  70,37  1,043         100           0
22:50:07 1200  400    0 51,54  70,37  1,031         100           0
22:50:09 1200  400    0 51,54  70,37  1,044         100           0
22:50:11 1200  400    0 51,54  70,37  1,089          22           0
22:50:13 1200  400    0 51,54  70,37  1,038          22           0
22:50:15 1200  400    0 51,54  70,37  1,072         100           0
22:50:17 1200  400    0 52,08  70,37  1,044         100           0
22:50:20 1200  400    0 51,54  70,37  1,207         100           0
22:50:22 1200  400    0 52,08  70,37  1,077          22           0
22:50:24 1200  400    0 52,08  70,37  1,040          22           0
22:50:26 1200  400    0 51,54  70,37  1,045         178           0
22:50:28 1200  400    0 51,54  70,37  1,043         100           0
22:50:30 1200  400    0 52,08  70,37  1,082          22           0
22:50:32 1200  400    0 51,54  70,37  1,051          22           0
22:50:34 1200  400    0 51,54  70,37  1,038          22           0
22:50:36 1200  400    0 51,54  70,37  1,046         178           0
22:50:38 1200  400    0 51,54  70,37  1,046         100           0
22:50:40 1200  400    0 51,54  70,37  1,042          22           0
22:50:42 1200  400    0 51,54  70,37  1,042          22           0
22:50:44 1200  400    0 51,54  70,37  1,037          22           0
22:50:46 1200  400    0 52,08  70,37  1,037         178           0
22:50:48 1200  400    0 51,54  70,37  1,046         100           0
22:50:50 1200  400    0 52,08  70,37  1,063          22           0
22:50:52 1200  400    0 51,54  70,37  1,036          22           0
22:50:54 1200  400    0 51,54  70,37  1,045          45           0
22:50:56 1200  400    0 51,00  70,37  1,042         178           0
22:50:58 1200  400    0 51,54  70,37  1,027         100           0
22:51:00 1200  400    0 51,54  70,37  1,035          22           0
22:51:02 1200  400    0 50,46  70,37  1,031          22           0
22:51:04  800  300    0 49,93  70,37  1,032          22           0
22:51:06  600  250    0 47,24  70,37    858         176           0
22:51:09  600  250    0 45,62  70,37    870          99           0
22:51:11  600  250    0 45,08  70,37    874          22           0
22:51:13  600  250    0 45,08  70,37    871          22           0
22:51:15  600  250    0 45,08  70,37    882         121           0
22:51:17  600  250    0 44,55  70,37    912         247         244
22:51:19  600  250    0 44,01  70,37    877         134          45
22:51:21  600  250    0 45,08  70,37    997          22           0
22:51:23  600  250    0 44,01  70,37    853          22           0
22:51:25  600  250    0 45,08  70,37    851          99           0
22:51:27  600  250    0 44,01  70,37    858          99           0
22:51:29  600  250    0 44,55  70,37    847          99           0
22:51:31  600  250    0 45,08  70,37    874          22           0
22:51:33  600  250    0 45,08  70,37    841          22           0
22:51:35  600  250    0 44,55  70,37    857          99           0
22:51:37  600  250    0 44,01  70,37    855          99           0
22:51:39  600  250    0 45,08  70,37    869          99           0
22:51:41  600  250    0 45,08  70,37    853          22           0
22:51:44  600  250    0 45,08  70,37    839          22           0
22:51:46  600  250    0 45,08  70,37    852         176           0
22:51:48  600  250    0 45,08  70,37    849          99           0
22:51:50  600  250    0 45,08  70,37    849          22           0
22:51:52  600  250    0 45,62  70,37    857          22           0
22:51:54  600  250    0 45,08  70,37    853          22           0
22:51:56  600  250    0 45,62  70,37    870         176           0
22:51:58  600  250    0 45,08  70,37    844          99           0
22:52:00  600  250    0 45,08  70,37    863          22           0
22:52:02  600  250    0 45,08  70,37    843          22           0
22:52:04  600  250    0 45,08  70,37    856          22           0
22:52:06  600  250    0 45,08  70,37    852         176           0
22:52:08  600  250    0 45,08  70,37    846          99           0
22:52:10  600  250    0 45,62  70,37    843          22           0
22:52:12  600  250    0 45,08  70,37    856          22           0
22:52:14  600  250    0 46,16  70,37    875          22           0
22:52:16  600  250    0 46,16  70,37    848         411           0
22:52:19  600  250    0 45,62  70,37    852          99           0
22:52:21  600  250    0 46,16  70,37  1,044          22           0
22:52:23  600  250    0 46,16  70,37    847          22           0
22:52:25  600  300    0 46,16  70,37    861         122           0
22:52:27  600  250    0 46,16  70,37    856          99           0
22:52:29  600  250    0 46,70  70,37    855          99           0
22:52:31  600  250    0 46,16  70,37    846          22           0
22:52:33  600  250    0 46,16  70,37    885          22           0
22:52:35  600  250    0 46,16  70,37    890          99           0
22:52:37  600  250    0 46,16  70,37    851          99           0
22:52:39  600  250    0 46,16  70,37    855          99           0
22:52:41  600  250    0 46,16  70,37    841          22           0
22:52:43  600  250    0 46,16  70,37    847          22           0
22:52:45  600  250    0 46,16  70,37    846          99           0
22:52:47  600  250    0 46,16  70,37    844          99           0
22:52:49  600  250    0 46,16  70,37    905          99           0
22:52:51  600  250    0 47,24  70,37    842          22           0
22:52:54  600  250    0 47,24  70,37    875          22           0
22:52:56  600  250    0 46,16  70,37    876          99           0
22:52:58  600  250    0 47,24  70,37    855          99           0
22:53:00  600  250    0 47,24  70,37    840          99           0
22:53:02  600  250    0 46,16  70,37    848          22           0
22:53:04  600  250    0 47,24  70,37    859          22           0
22:53:06  600  250    0 47,24  70,37    863          99           0
22:53:08  600  250    0 47,24  70,37    852          99           0
22:53:10  600  250    0 47,24  70,37    843          99           0
22:53:12  600  250    0 47,24  70,37    865          22           0
22:53:14  600  250    0 47,24  70,37    897          22           0
22:53:16  600  250    0 46,70  70,37    848         176           0
22:53:18  600  250    0 47,24  70,37    856          99           0
22:53:20  600  250    0 47,24  70,37  1,059          22           0
22:53:22  600  250    0 47,77  70,37    857          22           0
22:53:24  600  250    0 47,24  70,37    879          22           0
22:53:27  600  250    0 47,24  70,37    861         176           0
22:53:29  600  250    0 47,77  70,37    851          99           0
22:53:31  600  250    0 47,77  70,37    836          22           0
22:53:33  600  250    0 47,77  70,37    861          44           0
22:53:35  600  250    0 47,24  70,37    894          22           0
22:53:37  600  250    0 47,77  70,37    853         176           0
22:53:39  600  250    0 47,24  70,37    846          99           0
22:53:41  600  250    0 47,77  70,37    864          22           0
22:53:43  600  250    0 47,77  70,37    855          22           0
22:53:45  600  250    0 47,77  70,37    879          99           0
22:53:47  600  250    0 47,77  70,37    860          99           0
22:53:49  600  250    0 47,77  70,37    861          99           0
22:53:51  600  250    0 47,77  70,37    847          22           0
22:53:53  600  250    0 47,77  70,37    849          22           0
22:53:55  600  250    0 48,31  70,37    890          99           0
22:53:57  600  250    0 47,77  70,37    860          99           0
22:53:59  600  250    0 48,31  70,37    848          99           0
22:54:02  600  250    0 48,31  70,37    851          22           0
22:54:04  600  250    0 48,31  70,37    851          22           0
22:54:06 1200  400    0 52,08  70,37  1,134         100           0
22:54:08 1200  400    0 54,77  70,37  1,105         100           0
22:54:10 1200  400    0 55,84  70,37  1,106         100           0
22:54:12 1200  400    0 56,38  70,37  1,109          22           0
22:54:14 1200  400    0 57,46  70,37  1,121          22           0
22:54:16 1200  400    0 58,00  70,37  1,136         178           0
22:54:18 1200  400    0 58,00  70,37  1,110         100           0
22:54:20 1200  400    0 59,07  70,37  1,274          22           0
22:54:22 1200  400    0 60,15  70,37  1,100          22           0
22:54:24 1200  400    0 60,69  70,37  1,120          22           0
22:54:26 1200  400    0 60,69  70,37  1,133         178           0
22:54:28 1200  400    0 61,22  70,37  1,105         100           0
22:54:30 1200  400    0 61,22  70,37  1,104          22           0
22:54:32 1200  400    0 61,22  70,37  1,111          22           0
22:54:34 1200  400    0 62,30  70,37  1,108          22           0
22:54:36 1200  400    0 62,30  70,37  1,134         179           0
22:54:38 1200  400    0 62,30  70,37  1,113          22           0
22:54:40 1200  400    0 63,38  70,37  1,131         214         200
22:54:42 1200  400    0 63,38  70,37  1,108          93          92
22:54:44 1200  400    0 63,91  70,37  1,111          22           0
22:54:46 1200  400    0 63,38  70,37  1,121         178           0
22:54:48 1200  400    0 64,45  70,37  1,112         100           0
22:54:51 1200  400    0 64,45  70,37  1,113          22           0
22:54:53 1200  400    0 64,45  70,37  1,112          22           0
22:54:55 1200  400    0 64,45  70,37  1,108          22           0
22:54:57 1200  400    0 65,53  70,37  1,139         178           0
22:54:59 1200  400    0 65,53  70,37  1,113         122           0
22:55:01 1200  400    0 65,53  70,37  1,118          22           0
22:55:03 1200  400    0 65,53  70,37  1,109          22           0
22:55:05 1200  400    0 66,60  70,37  1,123          22           0
22:55:07 1200  400    0 66,60  70,37  1,115         178           0
22:55:09 1200  400    0 66,60  70,37  1,111         100           0
22:55:11 1200  400    0 66,60  70,37  1,115          22           0
22:55:13 1200  400    0 67,68  70,37  1,112          22           0
22:55:15 1200  400    0 67,14  70,37  1,142         100           0
22:55:17 1200  400    0 67,14  70,37  1,119         100           0
22:55:19 1200  400    0 67,68  70,37  1,181         100           0
22:55:21 1200  400    0 68,22  70,37  1,250          22           0
22:55:23 1200  400    0 68,76  70,37  1,105          22           0
22:55:25 1200  400    0 68,76  70,37  1,107         100           0
22:55:27 1200  400    0 68,76  70,37  1,117         100           0
22:55:29 1200  400    0 69,29  70,37  1,108         100           0
22:55:31 1200  400    0 69,29  70,37  1,102          22           0
22:55:33 1200  400    0 69,83  70,37  1,104          22           0
22:55:35 1200  400    0 69,83  70,37  1,106         100           0
22:55:37 1200  400    0 69,83  70,37  1,133         100           0
22:55:40 1200  400    0 69,29  70,37  1,103         100           0
22:55:42 1200  400    0 69,83  70,37  1,106          22           0
22:55:44 1200  400    0 70,91  70,91  1,101          22           0
22:55:46 1200  400    0 69,29  70,91  1,112         100           0
22:55:48 1200  400    0 68,76  70,91  1,124         100           0
22:55:50 1200  400    0 69,29  70,91  1,105         100           0
22:55:52 1200  400    0 68,22  70,91  1,107          22           0
22:55:54 1200  400    0 67,68  70,91  1,107          22           0
22:55:56 1200  400    0 67,14  70,91  1,110         100           0
22:55:58 1200  400    0 67,14  70,91  1,130         100           0
22:56:00 1200  400    0 67,14  70,91  1,112         100           0
22:56:02 1200  400    0 66,60  70,91  1,116          22           0
22:56:04 1200  400    0 65,53  70,91  1,109          22           0
22:56:06 1200  400    0 66,60  70,91  1,121         178           0
22:56:08 1200  400    0 65,53  70,91  1,120         100           0
22:56:10 1200  400    0 64,99  70,91  1,116          22           0
22:56:12 1200  400    0 64,45  70,91  1,113          22           0
22:56:14 1200  400    0 64,45  70,91  1,113          22           0
22:56:16 1200  400    0 64,45  70,91  1,115         178           0
22:56:18 1200  400    0 63,91  70,91  1,139         100           0
22:56:20 1200  400    0 63,38  70,91  1,271          22           0
22:56:22 1200  400    0 63,38  70,91  1,108          22           0
22:56:24 1200  400    0 63,38  70,91  1,113          22           0
22:56:26 1200  400    0 63,38  70,91  1,106         178           0
22:56:28 1200  400    0 62,84  70,91  1,115         100           0
22:56:31 1200  400    0 62,30  70,91  1,132          22           0
22:56:33 1200  400    0 62,30  70,91  1,106          22           0
22:56:35 1200  400    0 62,30  70,91  1,095          22           0
22:56:37 1200  400    0 61,22  70,91  1,116         178           0
22:56:39 1200  400    0 61,22  70,91  1,123         123           0
22:56:41 1200  400    0 60,69  70,91  1,123          22           0
22:56:43 1200  400    0 60,69  70,91  1,111          22           0
22:56:45 1200  400    0 60,69  70,91  1,106          22           0
22:56:47 1200  400    0 60,15  70,91  1,115         178           0
22:56:49 1200  400    0 59,61  70,91  1,112         100           0
22:56:51 1200  400    0 60,15  70,91  1,137          22           0
22:56:53 1200  400    0 59,07  70,91  1,109          22           0
22:56:55 1200  400    0 59,07  70,91  1,107          22           0
22:56:57 1200  400    0 60,15  70,91  1,133         178           0
22:56:59 1200  400    0 59,61  70,91  1,122         100           0
22:57:01 1200  400    0 59,61  70,91  1,125          22           0
22:57:03 1200  400    0 60,15  70,91  1,105          22           0
22:57:05 1200  400    0 59,07  70,91  1,114         100           0
22:57:07 1200  400    0 59,07  70,91  1,101         100           0
22:57:09 1200  400    0 58,53  70,91  1,116         100           0
22:57:11 1200  400    0 58,00  70,91  1,106          22           0
22:57:13 1200  400    0 58,00  70,91  1,107          22           0
22:57:15 1200  400    0 58,00  70,91  1,121         100           0
22:57:17 1200  400    0 58,00  70,91  1,125         100           0
22:57:20 1200  400    0 58,00  70,91  1,245         100           0
22:57:22 1200  400    0 58,00  70,91  1,138          22           0
22:57:24 1200  400    0 58,00  70,91  1,107          22           0
22:57:26 1200  400    0 58,00  70,91  1,108         100           0
22:57:28 1200  400    0 58,00  70,91  1,120         100           0
22:57:30 1200  400    0 58,00  70,91  1,111         100           0
22:57:32 1200  400    0 57,46  70,91  1,107          22           0
22:57:34 1200  400    0 58,00  70,91  1,114          22           0
22:57:36 1200  400    0 57,46  70,91  1,113         100           0
22:57:38 1200  400    0 58,00  70,91  1,115         100           0
22:57:40 1200  400    0 57,46  70,91  1,148         100           0
22:57:42 1200  400    0 57,46  70,91  1,105          22           0
22:57:44 1200  400    0 56,92  70,91  1,107          22           0
22:57:46 1200  400    0 56,92  70,91  1,110         100           0
22:57:48 1200  400    0 56,92  70,91  1,113         100           0
22:57:50 1200  400    0 56,38  70,91  1,133         100           0
22:57:52 1200  400    0 57,46  70,91  1,111          22           0
22:57:54 1200  400    0 56,92  70,91  1,111          22           0
22:57:56 1200  400    0 56,92  70,91  1,113         100           0
22:57:58 1200  400    0 56,92  70,91  1,125         100           0
22:58:00 1200  400    0 56,92  70,91  1,117         100           0
22:58:02 1200  400    0 58,00  70,91  1,106          22           0
22:58:04 1200  400    0 56,92  70,91  1,108          22           0
22:58:06 1200  400    0 56,92  70,91  1,107         178           0
22:58:08 1200  400    0 57,46  70,91  1,109          22           0
22:58:11 1200  400    0 57,46  70,91  1,110         100           0
22:58:13 1200  400    0 56,92  70,91  1,104          22           0
22:58:15 1200  400    0 57,46  70,91  1,103          22           0
22:58:17 1200  400    0 58,00  70,91  1,118         178           0
22:58:19 1200  400    0 56,38  70,91  1,109         123           0
22:58:21 1200  400    0 56,92  70,91  1,264          22           0
22:58:23 1200  400    0 56,92  70,91  1,117          22           0
22:58:25 1200  400    0 56,92  70,91  1,113          22           0
22:58:27 1200  400    0 57,46  70,91  1,111         178           0
22:58:29 1200  400    0 56,92  70,91  1,116         100           0
22:58:31 1200  400    0 56,92  70,91  1,112          22           0
22:58:33 1200  400    0 56,92  70,91  1,109          22           0
22:58:35 1200  400    0 56,38  70,91  1,114          22           0
22:58:37 1200  400    0 56,92  70,91  1,115         178           0
22:58:39 1200  400    0 56,92  70,91  1,112         100           0
22:58:41 1200  400    0 56,92  70,91  1,129          22           0
22:58:43 1200  400    0 56,92  70,91  1,107          22           0
22:58:45 1200  400    0 56,92  70,91  1,110         100           0
22:58:47 1200  400    0 56,38  70,91  1,116         100           0
22:58:49 1200  400    0 56,92  70,91  1,116         100           0
22:58:51 1200  400    0 56,38  70,91  1,117          22           0
22:58:53 1200  400    0 56,92  70,91  1,115          22           0
22:58:55 1200  400    0 56,92  70,91  1,111         100           0
22:58:57 1200  400    0 56,92  70,91  1,111         100           0
22:59:00 1200  400    0 56,38  70,91  1,111         100           0
22:59:02 1200  400    0 56,38  70,91  1,122          22           0
22:59:04 1200  400    0 56,92  70,91  1,103          22           0
22:59:06 1200  400    0 56,38  70,91  1,106         100           0
22:59:08 1200  400    0 56,92  70,91  1,110         100           0
22:59:10 1200  400    0 56,92  70,91  1,103         100           0
22:59:12 1200  400    0 56,92  70,91  1,109          22           0
22:59:14 1200  400    0 56,92  70,91  1,105          22           0
22:59:16 1200  400    0 56,38  70,91  1,107         100           0
22:59:18 1200  400    0 56,92  70,91  1,103         100           0
22:59:20 1200  400    0 55,84  70,91  1,235         100           0
22:59:22 1200  400    0 55,84  70,91  1,123         205           0
22:59:24 1200  400    0 55,84  70,91  1,116       1,363           0
22:59:26 1200  400    0 55,84  70,91  1,114         587           0
22:59:28 1200  400    0 55,84  70,91  1,106         100           0
22:59:30 1200  400    0 55,84  70,91  1,111         587           0
22:59:32 1200  400    0 55,84  70,91  1,123          22           0
22:59:34 1200  400    0 55,84  70,91  1,108          22           0
22:59:36 1200  400    0 55,84  70,91  1,112         100           0
22:59:38 1200  400    0 55,84  70,91  1,112         587           0
22:59:40 1200  400    0 55,84  70,91  1,108         100           0
22:59:42 1200  400    0 55,84  70,91  1,129          22           0
22:59:44 1200  400    0 55,31  70,91  1,119          22           0
22:59:46 1200  400    0 55,84  70,91  1,110         178           0
22:59:49 1200  400    0 54,77  70,91  1,113         100           0
22:59:51 1200  400    0 55,84  70,91  1,113          22           0
22:59:53 1200  400    0 55,84  70,91  1,120          22           0
22:59:55 1200  400    0 55,84  70,91  1,117         628           0
22:59:57 1200  400    0 55,84  70,91  1,118         237           0
22:59:59 1200  400    0 55,84  70,91  1,110         123           0
23:00:01 1200  400    0 55,84  70,91  1,116          22           0
23:00:03 1200  400    0 56,38  70,91  1,122          22           0
23:00:05 1200  400    0 56,38  70,91  1,107          22           0
23:00:07 1200  400    0 56,38  70,91  1,110         178           0
23:00:09 1200  400    0 55,84  70,91  1,109         100           0
23:00:11 1200  400    0 55,84  70,91  1,109          22           0
23:00:13 1200  400    0 55,84  70,91  1,121          22           0
23:00:15 1200  400    0 55,84  70,91  1,106          22           0
23:00:17 1200  400    0 55,84  70,91  1,111         237           0
23:00:19 1200  400    0 55,84  70,91  1,222         100           0
23:00:21 1200  400    0 55,84  70,91  1,256          22           0
23:00:23 1200  400    0 55,84  70,91  1,120          22           0
23:00:25 1200  400    0 55,31  70,91  1,128         100           0
23:00:27 1200  400    0 55,84  70,91  1,112         589           0
23:00:29 1200  400    0 55,84  70,91  1,115         100           0
23:00:31 1200  400    0 55,84  70,91  1,105          22           0
23:00:33 1200  400    0 55,84  70,91  1,105          22           0
23:00:35 1200  400    0 55,84  70,91  1,110         159           0
23:00:37 1200  400    0 55,84  70,91  1,121         100           0
23:00:40 1200  400    0 55,84  70,91  1,111         100           0
23:00:42 1200  400    0 55,84  70,91  1,111          22           0
23:00:44 1200  400    0 55,84  70,91  1,118          22           0
23:00:46 1200  400    0 55,31  70,91  1,110         100           0
23:00:48 1200  400    0 55,31  70,91  1,121         100           0
23:00:50 1200  400    0 55,84  70,91  1,111         100           0
23:00:52 1200  400    0 54,77  70,91  1,107          22           0
23:00:54 1200  400    0 55,84  70,91  1,111          22           0
23:00:56 1200  400    0 54,77  70,91  1,120         100           0
23:00:58 1200  400    0 55,84  70,91  1,108         100           0
23:01:00 1200  400    0 54,77  70,91  1,115         100           0
23:01:02 1200  400    0 55,84  70,91  1,119          22           0
23:01:04 1200  400    0 55,84  70,91  1,100          22           0
23:01:06  600  250    0 51,00  70,91    867          99           0
23:01:08  600  250    0 49,39  70,91    846          99           0
23:01:10  600  250    0 48,31  70,91    854          99           0
23:01:12  600  250    0 47,77  70,91    851          22           0
23:01:14  600  250    0 46,16  70,91    848          22           0
23:01:16  600  250    0 46,16  70,91    856          99           0
23:01:18  600  250    0 46,16  70,91    854          99           0
23:01:20  600  250    0 46,70  70,91  1,047          99           0
23:01:23  600  250    0 46,16  70,91    859          22           0
23:01:25  600  250    0 46,16  70,91    959          22           0
23:01:27  600  250    0 45,62  70,91    871         176           0
23:01:29  600  250    0 46,16  70,91    849         121           0
23:01:31  600  250    0 45,62  70,91    853         505           0
23:01:33  600  250    0 46,16  70,91    858          22           0
23:01:35  600  250    0 46,70  70,91    853          22           0
23:01:37  600  250    0 46,16  70,91    853         294           0
23:01:39  600  250    0 46,16  70,91    865          99           0
23:01:41  600  250    0 46,16  70,91    885          22           0
23:01:43  600  250    0 45,62  70,91    849          22           0
23:01:45  600  250    0 46,16  70,91    843          22           0
23:01:47  600  250    0 46,16  70,91    855         176           0
23:01:49  600  250    0 46,16  70,91    876          99           0
23:01:51  600  250    0 46,16  70,91    873          22           0
23:01:53  600  250    0 45,62  70,91    849          22           0
23:01:55  600  250    0 46,16  70,91    850          99           0
23:01:58  600  250    0 46,16  70,91    855          99           0
23:02:00  600  250    0 46,16  70,91    860          99           0
23:02:02  600  250    0 46,70  70,91    881          22           0
23:02:04  600  250    0 46,16  70,91    851          22           0
23:02:06  600  250    0 46,16  70,91    858          99           0
23:02:08  600  250    0 46,16  70,91    859          99           0
23:02:10  600  250    0 46,16  70,91    862          99           0
23:02:12  600  250    0 46,16  70,91    852          22           0
23:02:14  600  250    0 46,70  70,91    847          22           0
23:02:16  600  250    0 46,16  70,91    857          99           0
23:02:18  600  250    0 47,24  70,91    853          99           0
23:02:20  600  250    0 46,16  70,91  1,038          99           0
23:02:22  600  250    0 47,24  70,91    852          22           0
23:02:24  600  250    0 47,24  70,91    852          22           0
23:02:26  600  300    0 46,16  70,91    855          99           0
23:02:28  600  250    0 47,24  70,91    842          99           0
23:02:30  600  250    0 46,70  70,91    870          99           0
23:02:33  600  250    0 47,24  70,91    848          22           0
23:02:35  600  250    0 47,24  70,91    853          22           0
23:02:37  600  250    0 47,24  70,91    862          99           0
23:02:39  600  250    0 47,24  70,91    846         121           0
23:02:41  600  250    0 47,24  70,91    876          99           0
23:02:43  600  250    0 46,16  70,91    841          22           0
23:02:45  600  250    0 47,24  70,91    856          22           0
23:02:47  600  250    0 47,24  70,91    850         176           0
23:02:49  600  250    0 47,24  70,91    857          99           0
23:02:51  600  250    0 47,24  70,91    870          22           0
23:02:53  600  250    0 47,24  70,91    846          22           0
23:02:55  600  250    0 47,24  70,91    863          22           0
23:02:57  600  250    0 47,24  70,91    851         176           0
23:02:59  600  250    0 47,77  70,91    857          99           0
23:03:01  600  250    0 47,24  70,91    881          22           0
23:03:03  600  250    0 47,77  70,91    851          22           0
23:03:05  600  250    0 47,77  70,91    852          99           0
23:03:08  600  250    0 47,24  70,91    852          99           0
23:03:10  600  250    0 47,24  70,91    856          99           0
23:03:12  600  250    0 48,31  70,91    876          22           0
23:03:14  600  250    0 47,77  70,91    858          22           0
23:03:16  600  250    0 47,77  70,91    848          99           0
23:03:18  600  250    0 47,24  70,91    859          99           0
23:03:20  600  250    0 47,24  70,91  1,055          99           0
23:03:22  600  250    0 47,77  70,91    864          22           0
23:03:24  600  250    0 47,77  70,91    858          22           0
23:03:26  600  250    0 47,77  70,91    845          99           0
23:03:28  600  250    0 47,77  70,91    853          99           0
23:03:30  600  250    0 48,31  70,91    867          99           0
23:03:32  600  250    0 47,77  70,91    859          22           0
23:03:34  600  250    0 47,24  70,91    854          22           0
23:03:36  600  250    0 47,77  70,91    848          99           0
23:03:38  600  250    0 47,77  70,91    860          99           0
23:03:40  600  250    0 47,77  70,91    875          99           0
23:03:43  600  250    0 47,77  70,91    851          22           0
23:03:45  600  250    0 47,77  70,91    848          22           0
23:03:47  600  250    0 48,31  70,91    854          99           0
23:03:49  600  250    0 48,31  70,91    856         121           0
23:03:51  600  250    0 47,77  70,91    878          99           0
23:03:53  600  250    0 47,77  70,91    861          22           0
23:03:55  600  250    0 48,31  70,91    867          22           0
23:03:57  600  250    0 48,31  70,91    873         176           0
23:03:59  600  250    0 48,31  70,91    867          99           0
23:04:01  600  250    0 48,31  70,91    906          22           0
23:04:03  600  250    0 48,31  70,91    875          22           0
23:04:06 1200  400    0 52,62  70,91  1,151         154         152
23:04:10 1200  400    0 56,92  70,91  1,219         145          28
23:04:13 1200  400    0 59,07  70,91  1,201          27           0
23:04:16 1200  400    0 61,22  70,91  1,198          62           0
23:04:20 1200  400    0 62,30  70,91  1,309         123           0
23:04:23 1200  400    0 62,84  70,91  1,188          27           0
23:04:26 1200  400    0 64,45  70,91  1,191         206           0
23:04:30 1200  400    0 65,53  70,91  1,185         123           0
23:04:33 1200  400    0 65,53  70,91  1,203          27           0
23:04:36 1200  400    0 66,60  70,91  1,188          61           0
23:04:40 1200  400    0 67,68  70,91  1,184         124           0
23:04:43 1200  400    0 67,68  70,91  1,199          27           0
23:04:46 1200  400    0 68,22  70,91  1,185          61           0
23:04:50 1200  400    0 69,29  70,91  1,189         125           0
23:04:53 1200  400    0 69,83  70,91  1,195          27           0
23:04:56 1200  400    0 70,91  70,91  1,228          60           0
23:04:59 1200  400    0 70,91  70,91  1,186         124           0
23:05:03 1200  400    0 69,83  70,91  1,201          27           0
23:05:06 1200  400    0 69,29  70,91  1,188          62           0
23:05:10 1200  400    0 68,76  70,91  1,191         115           0
23:05:13 1200  400    0 68,76  70,91  1,197          27           0
23:05:16 1200  400    0 68,22  70,91  1,186          62           0
23:05:20 1200  400    0 67,68  70,91  1,259         123           0
23:05:23 1200  400    0 67,68  70,91  1,225          27           0
23:05:26 1200  400    0 67,68  70,91  1,192          61           0
23:05:29 1200  400    0 66,60  70,91  1,181         125           0
23:05:33 1200  400    0 67,14  70,91  1,210          27           0
23:05:36 1200  400    0 66,07  70,91  1,184          62           0
23:05:39 1200  400    0 65,53  70,91  1,190         124           0
23:05:43 1200  400    0 65,53  70,91  1,210          13           0
23:05:46 1200  400    0 65,53  70,91  1,183          76           0
23:05:49 1200  400    0 64,99  70,91  1,186         125           0
23:05:52 1200  400    0 64,45  70,91  1,199          14           0
23:05:56 1200  400    0 64,45  70,91  1,191          28           0
23:05:59 1200  400    0 64,45  70,91  1,183         125           0
23:06:02 1200  400    0 64,45  70,91  1,203          62           0
23:06:05 1200  400    0 64,45  70,91  1,186          28           0
23:06:09 1200  400    0 63,91  70,91  1,181         173           0
23:06:12 1200  400    0 64,45  70,91  1,205          14           0
23:06:15 1200  400    0 63,38  70,91  1,177          28           0
23:06:19 1200  400    0 63,38  70,91  1,188         111           0
23:06:22 1200  400    0 63,91  70,91  1,305          76           0
23:06:25 1200  400    0 63,38  70,91  1,187          28           0
23:06:28 1200  400    0 63,38  70,91  1,186         222           0
23:06:32 1200  400    0 63,38  70,91  1,182         113           0
23:06:35 1200  400    0 63,38  70,91  1,189          27           0
23:06:38 1200  400    0 63,38  70,91  1,184         111           0
23:06:42 1200  400    0 62,84  70,91  1,202          77           0
23:06:45 1200  400    0 62,30  70,91  1,188          28           0
23:06:48 1200  400    0 62,84  70,91  1,188         111           0
23:06:51 1200  400    0 62,84  70,91  1,199          76           0
23:06:55 1200  400    0 62,30  70,91  1,187          14           0
23:06:58 1200  400    0 62,30  70,91  1,188         124           0
23:07:01 1200  400    0 62,30  70,91  1,196          76           0
23:07:04 1200  400    0 62,30  70,91  1,193          14           0
23:07:08 1200  400    0 62,30  70,91  1,179         125           0
23:07:11 1200  400    0 62,30  70,91  1,202          76           0
23:07:14 1200  400    0 62,30  70,91  1,199          14           0
23:07:18 1200  400    0 61,76  70,91  1,203         124           0
23:07:21 1200  400    0 61,76  70,91  1,295          76           0
23:07:24 1200  400    0 62,30  70,91  1,189          13           0
23:07:27 1200  400    0 61,76  70,91  1,199         124           0
23:07:31 1200  400    0 61,76  70,91  1,186          76           0
23:07:34 1200  400    0 62,30  70,91  1,185          13           0
23:07:37 1200  400    0 62,30  70,91  1,180         122           0
23:07:41 1200  400    0 62,30  70,91  1,204          61           0
23:07:44 1200  400    0 61,76  70,91  1,193          27           0
23:07:47 1200  400    0 62,30  70,91  1,198         125           0
23:07:51 1200  400    0 61,22  70,91  1,146          60           0
23:07:54 1200  400    0 61,76  70,91  1,230          28           0
23:07:57 1200  400    0 61,22  70,91  1,201         125           0
23:08:00 1200  400    0 61,76  70,91  1,187          62           0
23:08:04 1200  400    0 62,30  70,91  1,189          27           0
23:08:07 1200  400    0 62,30  70,91  1,195          74           0
23:08:10 1200  400    0 61,22  70,91  1,188         109           0
23:08:14 1200  400    0 61,76  70,91  1,181          27           0
23:08:17 1200  400    0 61,22  70,91  1,188         124           0
23:08:20 1200  400    0 62,30  70,91  1,268          62           0
23:08:24 1200  400    0 61,22  70,91  1,197          28           0
23:08:27 1200  400    0 61,22  70,91  1,188          76           0
23:08:30 1200  400    0 61,22  70,91  1,197         111           0
23:08:33 1200  400    0 61,22  70,91  1,189          28           0
23:08:37 1200  400    0 61,22  70,91  1,185          62           0
23:08:40 1200  400    0 61,22  70,91  1,205         125           0
23:08:43 1200  400    0 61,22  70,91  1,187          28           0
23:08:46 1200  400    0 61,22  70,91  1,189          62           0
23:08:50 1200  400    0 61,22  70,91  1,188         125           0
23:08:53 1200  400    0 61,22  70,91  1,196          28           0
23:08:56 1200  400    0 61,22  70,91  1,188          62           0
23:09:00 1200  400    0 61,22  70,91  1,181         125           0
23:09:03 1200  400    0 61,22  70,91  1,196          28           0
23:09:06 1200  400    0 61,22  70,91  1,179          62           0
23:09:09 1200  400    0 61,22  70,91  1,189         125           0
23:09:13 1200  400    0 61,22  70,91  1,195          14           0
23:09:16 1200  400    0 61,22  70,91  1,185          28           0
23:09:19 1200  400    0 61,22  70,91  1,246         125           0
23:09:22 1200  400    0 61,22  70,91  1,249         938           0
23:09:26 1200  400    0 60,69  70,91  1,186          28           0
23:09:29 1200  400    0 60,69  70,91  1,185         125           0
23:09:32 1200  400    0 61,22  70,91  1,193          62           0
23:09:36 1200  400    0 61,22  70,91  1,189          28           0
23:09:39 1200  400    0 61,22  70,91  1,182         125           0
23:09:42 1200  400    0 61,22  70,91  1,214          90           0
23:09:45 1200  400    0 60,15  70,91  1,199          69           0
23:09:49 1200  400    0 61,22  70,91  1,190         153           0
23:09:52 1200  400    0 61,22  70,91  1,188         117           0
23:09:55 1200  400    0 61,22  70,91  1,193          70           0
23:09:58 1200  400    0 61,22  70,91  1,187         153           0
23:10:02 1200  400    0 60,69  70,91  1,184         117           0
23:10:05 1200  400    0 60,69  70,91  1,196          70           0
23:10:08 1200  400    0 61,22  70,91  1,183         153           0
23:10:12 1200  400    0 61,22  70,91  1,187         118           0
23:10:15 1200  400    0 61,22  70,91  1,185          70           0
23:10:18 1200  400    0 61,22  70,91  1,191         153           0
23:10:21 1200  400    0 61,22  70,91  1,309         117           0
23:10:25 1200  400    0 61,22  70,91  1,185          69           0
23:10:28 1200  400    0 61,22  70,91  1,188         153           0
23:10:31 1200  400    0 61,22  70,91  1,196         117           0
23:10:35 1200  400    0 61,22  70,91  1,188          56           0
23:10:38 1200  400    0 61,22  70,91  1,183         167           0
23:10:41 1200  400    0 61,22  70,91  1,207         118           0
23:10:44 1200  400    0 61,22  70,91  1,187          56           0
23:10:48 1200  400    0 61,76  70,91  1,187         166           0
23:10:51 1200  400    0 60,69  70,91  1,196         313           0
23:10:54 1200  400    0 61,22  70,91  1,187          14           0
23:10:58 1200  400    0 61,22  70,91  1,188         124           0
23:11:01 1200  400    0 60,69  70,91  1,197          76           0
23:11:04 1200  400    0 61,22  70,91  1,189          15           0
23:11:06  600  250    0 55,84  70,91    851          99           0
23:11:08  600  250    0 53,15  70,91    851          99           0
23:11:10  600  250    0 51,00  70,91    855          99           0
23:11:12  600  250    0 49,39  70,91    840          22           0
23:11:14  600  250    0 49,39  70,91    853          22           0
23:11:16  600  250    0 48,31  70,91    865          99           0
23:11:18  600  250    0 47,77  70,91    857          99           0
23:11:20  600  250    0 47,77  70,91    997          99           0
23:11:22  600  250    0 47,24  70,91    853          22           0
23:11:24  600  250    0 47,24  70,91    852          22           0
23:11:27  600  250    0 47,24  70,91    847          99           0
23:11:29  600  250    0 47,24  70,91    852          99           0
23:11:31  600  250    0 47,24  70,91    856          99           0
23:11:33  600  250    0 47,24  70,91    849          44           0
23:11:35  600  250    0 47,24  70,91    846          22           0
23:11:37  600  250    0 47,24  70,91    869          99           0
23:11:39  600  250    0 46,70  70,91    851          99           0
23:11:41  600  250    0 47,24  70,91    851         462           0
23:11:43  600  250    0 46,70  70,91    869       1,173           0
23:11:45  600  250    0 47,24  70,91    850         507           0
23:11:47  600  250    0 47,24  70,91    867          99           0
23:11:49  600  250    0 46,70  70,91    844         586           0
23:11:51  600  250    0 46,16  70,91    848          99           0
23:11:53  600  250    0 47,24  70,91    846          22           0
23:11:55  600  250    0 47,24  70,91    855          22           0
23:11:57  600  250    0 47,24  70,91    864         661           0
23:11:59  600  250    0 47,24  70,91    843          22           0
23:12:01  600  250    0 47,24  70,91    883          99           0
23:12:04  600  250    0 47,24  70,91    840          22           0
23:12:06  600  250    0 47,24  70,91    855          22           0
23:12:08  600  250    0 47,24  70,91    853         176           0
23:12:10  600  250    0 47,24  70,91    866          99           0
23:12:12  600  250    0 47,77  70,91    891          22           0
23:12:14  600  250    0 47,24  70,91    845         506           0
23:12:16  600  250    0 47,77  70,91    858          22           0
23:12:18  600  250    0 47,24  70,91    865         176           0
23:12:20  600  250    0 47,24  70,91  1,098          99           0
23:12:22  600  250    0 47,24  70,91    854          22           0
23:12:24  600  250    0 47,24  70,91    850          22           0
23:12:26  600  250    0 47,24  70,91    858          99           0
23:12:28  600  250    0 47,77  70,91    842          99           0
23:12:30  600  250    0 47,77  70,91    886          99           0
23:12:32  600  250    0 48,31  70,91    853          22           0
23:12:34  600  250    0 47,24  70,91    850          22           0
23:12:36  600  250    0 47,24  70,91    872          99           0
23:12:39  600  250    0 47,77  70,91    854          99           0
23:12:41  600  250    0 47,77  70,91    885          99           0
23:12:43  600  250    0 47,77  70,91    907         170         244
23:12:45  600  300    0 48,31  70,91    858         565          45
23:12:47  600  250    0 47,77  70,91    859          99           0
23:12:49  600  250    0 47,24  70,91    877         100           0
23:12:51  600  250    0 47,24  70,91    860          99           0
23:12:53  600  250    0 47,77  70,91    853          22           0
23:12:55  600  250    0 48,31  70,91    894          22           0
23:12:57  600  250    0 47,77  70,91    865          99           0
23:12:59  600  250    0 47,24  70,91    871          99           0
23:13:01  600  250    0 47,24  70,91    883          99           0
23:13:03  600  250    0 47,77  70,91    846          22           0
23:13:05  600  250    0 47,77  70,91    846          22           0
23:13:07  600  250    0 47,77  70,91    858         176           0
23:13:09  600  250    0 48,31  70,91    845          99           0
23:13:11  600  250    0 48,31  70,91    908          22           0
23:13:14  600  250    0 48,31  70,91    863          22           0
23:13:16  600  250    0 48,31  70,91    848          22           0
23:13:18  600  300    0 47,77  70,91    863         177           0
23:13:20  600  250    0 48,31  70,91  1,048          99           0
23:13:22  600  250    0 48,31  70,91    892          22           0
23:13:24  600  250    0 48,31  70,91    852          22           0
23:13:26  600  250    0 48,31  70,91    858          22           0
23:13:28  600  250    0 48,31  70,91    889         176           0
23:13:30  600  250    0 47,77  70,91    849          99           0
23:13:32  600  250    0 48,31  70,91    870          22           0
23:13:34  600  250    0 48,31  70,91    848          22           0
23:13:36  600  250    0 48,31  70,91    852          99           0
23:13:38  600  250    0 48,31  70,91    858          99           0
23:13:40  600  250    0 48,31  70,91    858          99           0
23:13:42  600  250    0 48,31  70,91    861          22           0
23:13:44  600  250    0 48,85  70,91    862          22           0
23:13:46  600  250    0 48,31  70,91    893          99           0
23:13:49  600  250    0 48,31  70,91    856         584           0
23:13:51  600  250    0 48,85  70,91    861          99           0
23:13:53  600  250    0 48,31  70,91    858          22           0
23:13:55  600  250    0 49,39  70,91    856          44           0
23:13:57  600  250    0 48,85  70,91    865          99           0
23:13:59  600  250    0 48,31  70,91    855          99           0
23:14:01  600  250    0 48,31  70,91    868          99           0
23:14:03  600  250    0 48,31  70,91    867          22           0
