  Config: v0,5,5 args "" priority lowest +19)
   Board: 4 x ARMv7 cores available ondemand governor Pi3 rev 1,2 BCM2837 So  with 1GB RAM by Sony UK)
  Memory: 1024MB split 948MB ARM 76MB GPU) plus 100MB Swap
HW Block: |   ARM   |  Core  |  H264  |    SDRAM    |
Min Freq: |  600 | 250 |   0 |    450   |
Max Freq: | 1200 | 400 | 300 |    450   |
Voltages: |         0 1,2813V        | +1 1,2250V |
   Other: temp_limit=85
Firmware: Jul 17 2020 11:04:27 version 21a15cb094f41c7506ad65d2cb9b29c550693057 clean) release) start)
  Codecs: H264 H263 MPG4 MJPG PCM
  Booted: Thu Sep 10 20:22:46 2020
21:05:04 1200  400    0 46,16  46,16  3,176           0           0
21:05:06  600  250    0 45,08  46,16  1,007          44           0
21:05:08  800  300    0 45,08  46,16  1,086         200           0
21:05:10  600  250    0 45,62  46,16  1,152         121           0
21:05:12  600  250    0 45,08  46,16    998          22           0
21:05:14 1200  400    0 46,16  46,16  1,046          22           0
21:05:16 1200  400    0 48,31  48,31  1,076          22           0
21:05:18 1200  400    0 48,85  48,85  1,077         100           0
21:05:20 1200  400    0 49,93  49,93  1,071         100           0
21:05:22 1200  400    0 50,46  50,46  1,097         100           0
21:05:24 1200  400    0 50,46  50,46  1,092          22           0
21:05:27 1200  400    0 51,00  51,00  1,071          22           0
21:05:29 1200  400    0 50,46  51,00  1,081         178           0
21:05:31 1200  400    0 51,54  51,54  1,076         100           0
21:05:33 1200  400    0 52,08  52,08  1,082          22           0
21:05:35 1200  400    0 51,54  52,08  1,078          22           0
21:05:37 1200  400    0 52,62  52,62  1,076          45           0
21:05:39 1200  400    0 52,62  52,62  1,081         178           0
21:05:41 1200  400    0 53,15  53,15  1,080         100           0
21:05:43 1200  400    0 53,15  53,15  1,077          22           0
21:05:45 1200  400    0 53,15  53,15  1,075          22           0
21:05:47 1200  400    0 52,62  53,15  1,076          22           0
21:05:49 1200  400    0 53,69  53,69  1,077         179           0
21:05:51 1200  400    0 53,69  53,69  1,080         100           0
21:05:53 1200  400    0 54,23  54,23  1,082          22           0
21:05:55 1200  400    0 54,23  54,23  1,076          22           0
21:05:57 1200  400    0 53,69  54,23  1,092         100           0
21:05:59 1200  400    0 54,23  54,23  1,099         100           0
21:06:01 1200  400    0 53,69  54,23  1,086         100           0
21:06:03 1200  400    0 53,69  54,23  1,081          22           0
21:06:05 1200  400    0 53,69  54,23  1,075          45           0
21:06:07 1200  400    0 53,69  54,23  1,069         100           0
21:06:09 1200  400    0 54,23  54,23  1,238         100           0
21:06:11 1200  400    0 53,69  54,23  1,059         100           0
21:06:13 1200  400    0 54,77  54,77  1,071          22           0
21:06:15 1200  400    0 54,77  54,77  1,076          22           0
21:06:18 1200  400    0 54,77  54,77  1,065         100           0
21:06:20 1200  400    0 54,77  54,77  1,075         100           0
21:06:22 1200  400    0 55,31  55,31  1,077         100           0
21:06:24 1200  400    0 55,31  55,31  1,071          22           0
21:06:26 1200  400    0 54,77  55,31  1,082          22           0
21:06:28 1200  400    0 54,77  55,31  1,122         214         201
21:06:30 1200  400    0 54,77  55,31  1,073         171          92
21:06:32 1200  400    0 53,69  55,31  1,076         100           0
21:06:34 1200  400    0 53,69  55,31  1,105          22           0
21:06:36 1200  400    0 53,69  55,31  1,075          22           0
21:06:38 1200  400    0 53,69  55,31  1,082         100           0
21:06:40 1200  400    0 52,62  55,31  1,097         100           0
21:06:42 1200  400    0 52,62  55,31  1,068         100           0
21:06:44 1200  400    0 52,08  55,31  1,081          22           0
21:06:46 1200  400    0 52,08  55,31  1,075          22           0
21:06:48 1200  400    0 52,08  55,31  1,070         100           0
21:06:50 1200  400    0 51,54  55,31  1,068         100           0
21:06:52 1200  400    0 51,54  55,31  1,078         100           0
21:06:54 1200  400    0 51,54  55,31  1,071          22           0
21:06:56 1200  400    0 51,54  55,31  1,070          22           0
21:06:58 1200  400    0 50,46  55,31  1,079         100           0
21:07:00 1200  400    0 50,46  55,31  1,074         100           0
21:07:02 1200  400    0 50,46  55,31  1,069         100           0
21:07:04 1200  400    0 50,46  55,31  1,074          22           0
21:07:06 1200  400    0 49,93  55,31  1,079          45           0
21:07:08 1200  400    0 49,39  55,31  1,173         178           0
21:07:11 1200  400    0 49,39  55,31  1,160         100           0
21:07:13 1200  400    0 49,39  55,31  1,074          22           0
21:07:15 1200  400    0 49,39  55,31  1,075          22           0
21:07:17 1200  400    0 49,39  55,31  1,075          22           0
21:07:19 1200  400    0 49,39  55,31  1,078         178           0
21:07:21 1200  400    0 48,85  55,31  1,075         123           0
21:07:23 1200  400    0 48,31  55,31  1,073          22           0
21:07:25 1200  400    0 48,31  55,31  1,068          22           0
21:07:27 1200  400    0 48,85  55,31  1,074          22           0
21:07:29 1200  400    0 48,31  55,31  1,074         179           0
21:07:31 1200  400    0 48,31  55,31  1,069         100           0
21:07:33 1200  400    0 48,31  55,31  1,072          22           0
21:07:35 1200  400    0 48,31  55,31  1,080          22           0
21:07:37 1200  400    0 47,77  55,31  1,075          22           0
21:07:39 1200  400    0 47,77  55,31  1,079         178           0
21:07:41 1200  400    0 47,24  55,31  1,074         100           0
21:07:43 1200  400    0 47,77  55,31  1,075          22           0
21:07:45 1200  400    0 47,24  55,31  1,077          22           0
21:07:47 1200  400    0 47,77  55,31  1,085          22           0
21:07:49 1200  400    0 47,24  55,31  1,075         178           0
21:07:51 1200  400    0 47,24  55,31  1,075          99           0
21:07:53 1200  400    0 47,24  55,31  1,065          22           0
21:07:55 1200  400    0 47,77  55,31  1,066          22           0
21:07:57 1200  400    0 47,24  55,31  1,078         100           0
21:07:59 1200  400    0 47,24  55,31  1,077         100           0
21:08:02 1200  400    0 47,24  55,31  1,079         100           0
21:08:04 1200  400    0 46,16  55,31  1,076          22           0
21:08:06 1200  400    0 47,24  55,31  1,078          45           0
21:08:08 1200  400    0 46,16  55,31  1,121         100           0
21:08:10 1200  400    0 47,24  55,31  1,281         100           0
21:08:12 1200  400    0 47,24  55,31  1,067         100           0
21:08:14 1200  400    0 46,16  55,31  1,068          22           0
21:08:16 1200  400    0 47,24  55,31  1,076          22           0
21:08:18 1200  400    0 46,16  55,31  1,066         100           0
21:08:20 1200  400    0 46,16  55,31  1,072         100           0
21:08:22 1200  400    0 46,16  55,31  1,090         100           0
21:08:24 1200  400    0 46,70  55,31  1,081          22           0
21:08:26 1200  400    0 46,16  55,31  1,071          22           0
21:08:28 1200  400    0 46,16  55,31  1,078         100           0
21:08:30 1200  400    0 46,16  55,31  1,075         100           0
21:08:32 1200  400    0 46,16  55,31  1,069         100           0
21:08:34 1200  400    0 46,16  55,31  1,080          22           0
21:08:36 1200  400    0 46,16  55,31  1,068          22           0
21:08:38 1200  400    0 46,16  55,31  1,080         178           0
21:08:40 1200  400    0 46,16  55,31  1,084         100           0
21:08:42 1200  400    0 46,16  55,31  1,070          22           0
21:08:44 1200  400    0 46,16  55,31  1,074          22           0
21:08:46 1200  400    0 46,16  55,31  1,083          22           0
21:08:48 1200  400    0 45,62  55,31  1,075         100           0
21:08:50 1200  400    0 46,16  55,31  1,079         100           0
21:08:52 1200  400    0 46,16  55,31  1,078         100           0
21:08:55 1200  400    0 46,16  55,31  1,076          22           0
21:08:57 1200  400    0 46,16  55,31  1,075          22           0
21:08:59 1200  400    0 45,08  55,31  1,103         178           0
21:09:01 1200  400    0 45,08  55,31  1,070         100           0
21:09:03 1200  400    0 45,62  55,31  1,071          22           0
21:09:05 1200  400    0 45,08  55,31  1,082          22           0
21:09:07 1200  400    0 45,62  55,31  1,080          67           0
21:09:09 1200  400    0 45,62  55,31  1,208         178           0
21:09:11 1200  400    0 45,08  55,31  1,112         100           0
21:09:13 1200  400    0 45,08  55,31  1,074          22           0
21:09:15 1200  400    0 45,62  55,31  1,068          22           0
21:09:17 1200  400    0 45,62  55,31  1,075          22           0
21:09:19 1200  400    0 45,62  55,31  1,072         178           0
21:09:21 1200  400    0 45,08  55,31  1,077         100           0
21:09:23 1200  400    0 45,08  55,31  1,076          22           0
21:09:25 1200  400    0 45,62  55,31  1,069          22           0
21:09:27 1200  400    0 45,08  55,31  1,072          22           0
21:09:29 1200  400    0 45,62  55,31  1,082         178           0
21:09:31 1200  400    0 45,08  55,31  1,077         100           0
21:09:33 1200  400    0 45,62  55,31  1,064          22           0
21:09:35 1200  400    0 45,08  55,31  1,082          22           0
21:09:37 1200  400    0 45,62  55,31  1,057          22           0
21:09:39 1200  400    0 45,08  55,31  1,067         178           0
21:09:41 1200  400    0 45,08  55,31  1,089         100           0
21:09:43 1200  400    0 45,08  55,31  1,071          22           0
21:09:45 1200  400    0 45,08  55,31  1,072          22           0
21:09:48 1200  400    0 45,08  55,31  1,070         100           0
21:09:50 1200  400    0 45,08  55,31  1,069         100           0
21:09:52 1200  400    0 45,62  55,31  1,070         100           0
21:09:54 1200  400    0 45,08  55,31  1,077          22           0
21:09:56 1200  400    0 45,08  55,31  1,068          22           0
21:09:58 1200  400    0 45,08  55,31  1,066         100           0
21:10:00 1200  400    0 45,08  55,31  1,069         100           0
21:10:02 1200  400    0 45,08  55,31  1,075         100           0
21:10:04 1200  400    0 45,08  55,31  1,073          22           0
21:10:06 1200  400    0 44,55  55,31  1,079          45           0
21:10:08 1200  400    0 45,08  55,31  1,074         100           0
21:10:10 1200  400    0 45,08  55,31  1,282         100           0
21:10:12 1200  400    0 45,08  55,31  1,082         100           0
21:10:14 1200  400    0 45,08  55,31  1,072          22           0
21:10:16 1200  400    0 45,08  55,31  1,075          22           0
21:10:18 1200  400    0 45,08  55,31  1,075         100           0
21:10:20 1200  400    0 45,08  55,31  1,070         100           0
21:10:22 1200  400    0 45,08  55,31  1,083         100           0
21:10:24 1200  400    0 45,08  55,31  1,075          22           0
21:10:26 1200  400    0 45,08  55,31  1,068          22           0
21:10:28 1200  400    0 45,08  55,31  1,072         100           0
21:10:30 1200  400    0 45,08  55,31  1,088         100           0
21:10:32 1200  400    0 45,08  55,31  1,077         100           0
21:10:34 1200  400    0 45,08  55,31  1,078          22           0
21:10:36 1200  400    0 45,08  55,31  1,081          22           0
21:10:38 1200  400    0 45,08  55,31  1,068         100           0
21:10:41 1200  400    0 44,55  55,31  1,073         100           0
21:10:43 1200  400    0 45,08  55,31  1,079         100           0
21:10:45 1200  400    0 45,08  55,31  1,060          22           0
21:10:47 1200  400    0 45,08  55,31  1,093          22           0
21:10:49 1200  400    0 45,08  55,31  1,078         201           0
21:10:51 1200  400    0 45,08  55,31  1,079         100           0
21:10:53 1200  400    0 45,08  55,31  1,072          22           0
21:10:55 1200  400    0 45,08  55,31  1,077          22           0
21:10:57 1200  400    0 45,08  55,31  1,075          22           0
21:10:59 1200  400    0 45,08  55,31  1,075         178           0
21:11:01 1200  400    0 45,08  55,31  1,075         100           0
21:11:03 1200  400    0 46,16  55,31  1,072          22           0
21:11:05 1200  400    0 46,16  55,31  1,069          22           0
21:11:07 1200  400    0 46,70  55,31  1,069          45           0
21:11:09 1200  400    0 46,70  55,31  1,265         178           0
21:11:11 1200  400    0 46,16  55,31  1,084         100           0
21:11:13 1200  400    0 47,24  55,31  1,080          22           0
21:11:15 1200  400    0 47,24  55,31  1,072          22           0
21:11:17 1200  400    0 47,24  55,31  1,075          22           0
21:11:19 1200  400    0 47,24  55,31  1,078         178           0
21:11:21 1200  400    0 47,77  55,31  1,085         100           0
21:11:23 1200  400    0 47,77  55,31  1,085          22           0
21:11:25 1200  400    0 48,31  55,31  1,088          22           0
21:11:27 1200  400    0 48,31  55,31  1,075          22           0
21:11:29 1200  400    0 48,31  55,31  1,078         178           0
21:11:32 1200  400    0 48,31  55,31  1,069         100           0
21:11:34 1200  400    0 49,39  55,31  1,075          22           0
21:11:36 1200  400    0 49,39  55,31  1,069          22           0
21:11:38 1200  400    0 49,39  55,31  1,067         100           0
21:11:40 1200  400    0 49,39  55,31  1,075         100           0
21:11:42 1200  400    0 49,39  55,31  1,078         100           0
21:11:44 1200  400    0 49,93  55,31  1,067          22           0
21:11:46 1200  400    0 49,93  55,31  1,077          22           0
21:11:48 1200  400    0 50,46  55,31  1,071         100           0
21:11:50 1200  400    0 49,39  55,31  1,078         100           0
21:11:52 1200  400    0 50,46  55,31  1,072         100           0
21:11:54 1200  400    0 50,46  55,31  1,097          22           0
21:11:56 1200  400    0 50,46  55,31  1,083          22           0
21:11:58 1200  400    0 50,46  55,31  1,073         100           0
21:12:00 1200  400    0 50,46  55,31  1,071         100           0
21:12:02 1200  400    0 51,00  55,31  1,068         100           0
21:12:04 1200  400    0 51,54  55,31  1,075          22           0
21:12:06 1200  400    0 51,54  55,31  1,091          45           0
21:12:08 1200  400    0 51,54  55,31  1,099         100           0
21:12:10 1200  400    0 51,54  55,31  1,227         100           0
21:12:12 1200  400    0 52,08  55,31  1,083         100           0
21:12:14  600  250    0 51,00  55,31  1,048          22           0
21:12:16  600  250    0 49,93  55,31  1,012          22           0
21:12:18  600  250    0 49,39  55,31  1,009         177           0
21:12:21  600  300    0 49,39  55,31    997          99           0
21:12:23  600  250    0 49,39  55,31    998          22           0
21:12:25  600  250    0 48,85  55,31  1,004          22           0
21:12:27  600  250    0 48,31  55,31    986          44           0
21:12:29  600  250    0 48,85  55,31  1,038         212         198
21:12:31  600  250    0 48,31  55,31  1,011         169          91
21:12:33  600  250    0 48,31  55,31    986          99           0
21:12:35  600  250    0 48,31  55,31    991          22           0
21:12:37  600  250    0 48,31  55,31  1,018          22           0
21:12:39  600  250    0 48,31  55,31  1,008         176           0
21:12:41  600  250    0 47,24  55,31  1,002          99           0
21:12:43  600  250    0 48,31  55,31  1,021          22           0
21:12:45  600  250    0 48,31  55,31  1,015          22           0
21:12:47  600  250    0 48,31  55,31  1,013          22           0
21:12:49  600  250    0 48,31  55,31  1,031         176           0
21:12:51  600  250    0 48,31  55,31  1,008          99           0
21:12:53  600  250    0 48,31  55,31  1,011          22           0
21:12:56  600  250    0 48,31  55,31  1,029          22           0
21:12:58  600  250    0 48,31  55,31  1,017          22           0
21:13:00  600  250    0 48,31  55,31  1,009         176           0
21:13:02  600  250    0 48,31  55,31  1,030          99           0
21:13:04  600  250    0 48,31  55,31  1,003          22           0
21:13:06  600  250    0 47,77  55,31  1,018          44           0
21:13:08  600  250    0 48,31  55,31  1,022          99           0
21:13:10  600  250    0 48,31  55,31  1,190          99           0
21:13:12  600  250    0 48,31  55,31  1,018          99           0
21:13:14  600  250    0 48,31  55,31  1,038          22           0
21:13:16  600  250    0 48,31  55,31  1,018          22           0
21:13:18  600  250    0 47,77  55,31  1,035          99           0
21:13:20  600  250    0 48,31  55,31  1,058          99           0
21:13:22  600  250    0 48,31  55,31  1,017          99           0
21:13:24  600  250    0 48,31  55,31  1,041          22           0
21:13:26  600  250    0 48,31  55,31  1,023          22           0
21:13:29  600  250    0 48,31  55,31  1,014          99           0
21:13:31  600  250    0 48,31  55,31  1,016          99           0
21:13:33  600  250    0 48,31  55,31  1,030          99           0
21:13:35  600  250    0 48,31  55,31  1,059          22           0
21:13:37  600  250    0 48,31  55,31  1,002          44           0
21:13:39  600  250    0 48,31  55,31  1,072         176           0
21:13:41  600  250    0 48,31  55,31  1,021          99           0
21:13:43  600  250    0 47,77  55,31  1,010          22           0
21:13:45  600  250    0 48,31  55,31  1,026          22           0
21:13:47  600  250    0 47,77  55,31  1,016          22           0
21:13:49  600  250    0 48,31  55,31  1,018         176           0
21:13:51  600  250    0 48,31  55,31  1,015          99           0
21:13:53  600  250    0 48,31  55,31  1,015          22           0
21:13:55  600  250    0 48,31  55,31  1,010          22           0
21:13:57  600  250    0 48,31  55,31  1,030          22           0
21:13:59  600  250    0 47,77  55,31  1,051         176           0
21:14:01  600  250    0 48,31  55,31  1,032          99           0
21:14:04  600  250    0 48,85  55,31  1,028          22           0
21:14:06  600  250    0 48,31  55,31  1,012          44           0
21:14:08  600  250    0 48,31  55,31  1,018          22           0
21:14:10  600  250    0 48,31  55,31  1,204         176           0
21:14:12  600  250    0 48,31  55,31  1,020          99           0
21:14:14  600  250    0 48,31  55,31  1,022          22           0
21:14:16  600  250    0 49,39  55,31  1,027          22           0
21:14:18  600  300    0 48,31  55,31  1,025          99           0
21:14:20  600  250    0 48,31  55,31  1,021          99           0
21:14:22  800  250    0 48,31  55,31  1,025          99           0
21:14:24  600  250    0 48,31  55,31  1,005          22           0
21:14:26  600  250    0 48,85  55,31  1,017          22           0
21:14:28  600  250    0 48,85  55,31  1,031          99           0
21:14:30  600  250    0 48,31  55,31  1,015          99           0
21:14:32  600  300    0 48,85  55,31  1,029          99           0
21:14:34  600  250    0 48,31  55,31  1,023          22           0
21:14:36  600  250    0 48,31  55,31  1,029          22           0
21:14:39  600  250    0 48,31  55,31  1,021          99           0
21:14:41  600  250    0 49,39  55,31  1,049          99           0
21:14:43  600  250    0 48,31  55,31  1,022          99           0
21:14:45  600  250    0 48,85  55,31  1,009          44           0
21:14:47  800  300    0 48,31  55,31  1,032          22           0
21:14:49  600  250    0 49,39  55,31  1,045         100           0
21:14:51  600  250    0 48,31  55,31  1,027          99           0
21:14:53  600  250    0 48,31  55,31  1,026          99           0
21:14:55  600  250    0 48,31  55,31  1,011          22           0
21:14:57  600  250    0 48,31  55,31  1,013          22           0
21:14:59  600  250    0 48,31  55,31  1,053         176           0
21:15:01  600  250    0 49,39  55,31  1,032          99           0
21:15:03  600  250    0 48,85  55,31  1,013          22           0
21:15:05  800  250    0 48,31  55,31  1,028          22           0
21:15:07  600  250    0 49,39  55,31  1,009          44           0
21:15:09  600  250    0 48,31  55,31  1,231         176           0
21:15:11  800  300    0 49,39  55,31  1,034          99           0
21:15:14  600  250    0 49,39  55,31  1,020          22           0
21:15:16 1200  400    0 52,62  55,31  1,197          22           0
21:15:18 1200  400    0 53,15  55,31  1,185          22           0
21:15:20 1200  400    0 54,23  55,31  1,216         178           0
21:15:22 1200  400    0 54,77  55,31  1,193         100           0
21:15:24 1200  400    0 55,84  55,84  1,177          22           0
21:15:26 1200  400    0 55,84  55,84  1,183          22           0
21:15:28 1200  400    0 55,84  55,84  1,178         100           0
21:15:30 1200  400    0 56,38  56,38  1,208         100           0
21:15:32 1200  400    0 55,84  56,38  1,182         100           0
21:15:34 1200  400    0 55,84  56,38  1,179          22           0
21:15:36 1200  400    0 55,84  56,38  1,185          22           0
21:15:38 1200  400    0 55,84  56,38  1,179         100           0
21:15:40 1200  400    0 55,84  56,38  1,215         100           0
21:15:42 1200  400    0 55,84  56,38  1,182         100           0
21:15:44 1200  400    0 55,84  56,38  1,177          22           0
21:15:46 1200  400    0 55,84  56,38  1,173          22           0
21:15:48 1200  400    0 55,31  56,38  1,187         100           0
21:15:50 1200  400    0 55,31  56,38  1,220         100           0
21:15:52 1200  400    0 54,77  56,38  1,180         100           0
21:15:54 1200  400    0 54,77  56,38  1,178          22           0
21:15:56 1200  400    0 54,23  56,38  1,179          22           0
21:15:58 1200  400    0 54,77  56,38  1,182         100           0
21:16:00 1200  400    0 54,23  56,38  1,236         100           0
21:16:03 1200  400    0 54,23  56,38  1,182         100           0
21:16:05 1200  400    0 53,69  56,38  1,179          22           0
21:16:07 1200  400    0 54,23  56,38  1,187         282           0
21:16:09 1200  400    0 53,69  56,38  1,364         100           0
21:16:11 1200  400    0 53,69  56,38  1,279         145           0
21:16:13 1200  400    0 53,69  56,38  1,184         122           0
21:16:15 1200  400    0 53,15  56,38  1,182          22           0
21:16:17 1200  400    0 53,15  56,38  1,176          22           0
21:16:19 1200  400    0 53,15  56,38  1,199         100           0
21:16:21 1200  400    0 53,15  56,38  1,198         100           0
21:16:23 1200  400    0 53,15  56,38  1,176         100           0
21:16:25 1200  400    0 53,15  56,38  1,195          22           0
21:16:27 1200  400    0 52,62  56,38  1,181          22           0
21:16:29 1200  400    0 52,62  56,38  1,218         100           0
21:16:31 1200  400    0 52,62  56,38  1,211         100           0
21:16:33 1200  400    0 52,62  56,38  1,188         100           0
21:16:35 1200  400    0 52,08  56,38  1,216          22           0
21:16:37 1200  400    0 52,62  56,38  1,184          22           0
21:16:39 1200  400    0 52,08  56,38  1,189         178           0
21:16:41 1200  400    0 52,08  56,38  1,214          22           0
21:16:43 1200  400    0 51,54  56,38  1,182         100           0
21:16:45 1200  400    0 52,08  56,38  1,212          22           0
21:16:47 1200  400    0 52,62  56,38  1,183          22           0
21:16:49 1200  400    0 52,08  56,38  1,181         178           0
21:16:51 1200  400    0 51,54  56,38  1,182         100           0
21:16:54 1200  400    0 52,08  56,38  1,183          22           0
21:16:56 1200  400    0 51,54  56,38  1,219          22           0
21:16:58 1200  400    0 51,54  56,38  1,180          22           0
21:17:00 1200  400    0 51,54  56,38  1,184         178           0
21:17:02 1200  400    0 52,08  56,38  1,239         100           0
21:17:04 1200  400    0 51,54  56,38  1,178          22           0
21:17:06 1200  400    0 51,54  56,38  1,180          22           0
21:17:08 1200  400    0 51,54  56,38  1,179          45           0
21:17:10 1200  400    0 51,54  56,38  1,413         178           0
21:17:12 1200  400    0 51,54  56,38  1,192         100           0
21:17:14 1200  400    0 51,54  56,38  1,177          22           0
21:17:16 1200  400    0 51,54  56,38  1,184          22           0
21:17:18 1200  400    0 51,00  56,38  1,187         100           0
21:17:20 1200  400    0 51,54  56,38  1,232         100           0
21:17:22 1200  400    0 51,54  56,38  1,190         100           0
21:17:24 1200  400    0 50,46  56,38  1,183          22           0
21:17:26 1200  400    0 51,54  56,38  1,182          22           0
21:17:28 1200  400    0 50,46  56,38  1,179         100           0
21:17:30 1200  400    0 51,00  56,38  1,189         100           0
21:17:32 1200  400    0 50,46  56,38  1,182         100           0
21:17:34 1200  400    0 50,46  56,38  1,212          22           0
21:17:36 1200  400    0 51,54  56,38  1,189          22           0
21:17:38 1200  400    0 50,46  56,38  1,185         100           0
21:17:40 1200  400    0 50,46  56,38  1,274         100           0
21:17:43 1200  400    0 51,54  56,38  1,171         100           0
21:17:45 1200  400    0 51,00  56,38  1,172          22           0
21:17:47 1200  400    0 51,00  56,38  1,174          22           0
21:17:49 1200  400    0 51,54  56,38  1,165         100           0
21:17:51 1200  400    0 50,46  56,38  1,173         100           0
21:17:53 1200  400    0 50,46  56,38  1,167         122           0
21:17:55 1200  400    0 51,00  56,38  1,181          22           0
21:17:57 1200  400    0 50,46  56,38  1,164          22           0
21:17:59 1200  400    0 50,46  56,38  1,162         100           0
21:18:01 1200  400    0 50,46  56,38  1,190         100           0
21:18:03 1200  400    0 50,46  56,38  1,169         100           0
21:18:05 1200  400    0 50,46  56,38  1,166          22           0
21:18:07 1200  400    0 50,46  56,38  1,171          45           0
21:18:09 1200  400    0 50,46  56,38  1,328         178           0
21:18:11 1200  400    0 51,00  56,38  1,161         100           0
21:18:13 1200  400    0 50,46  56,38  1,167          22           0
21:18:15 1200  400    0 50,46  56,38  1,170          22           0
21:18:17 1200  400    0 50,46  56,38  1,171          22           0
21:18:19 1200  400    0 50,46  56,38  1,191         178           0
21:18:21 1200  400    0 50,46  56,38  1,172          22           0
21:18:23 1200  400    0 50,46  56,38  1,164         100           0
21:18:25 1200  400    0 50,46  56,38  1,164          22           0
21:18:27 1200  400    0 49,93  56,38  1,163          22           0
21:18:29 1200  400    0 49,93  56,38  1,167         178           0
21:18:31 1200  400    0 50,46  56,38  1,172         100           0
21:18:34 1200  400    0 50,46  56,38  1,173          22           0
21:18:36 1200  400    0 49,93  56,38  1,161          22           0
21:18:38 1200  400    0 49,93  56,38  1,170          22           0
21:18:40 1200  400    0 49,39  56,38  1,176         178           0
21:18:42 1200  400    0 50,46  56,38  1,175         100           0
21:18:44 1200  400    0 49,93  56,38  1,164          22           0
21:18:46 1200  400    0 49,93  56,38  1,167          22           0
21:18:48 1200  400    0 49,93  56,38  1,162          22           0
21:18:50 1200  400    0 49,93  56,38  1,175         178           0
21:18:52 1200  400    0 49,39  56,38  1,169         100           0
21:18:54 1200  400    0 49,39  56,38  1,170          22           0
21:18:56 1200  400    0 49,93  56,38  1,168          22           0
21:18:58 1200  400    0 49,39  56,38  1,166          22           0
21:19:00 1200  400    0 49,39  56,38  1,174         176           0
21:19:02 1200  400    0 49,93  56,38  1,184         100           0
21:19:04 1200  400    0 49,93  56,38  1,164          22           0
21:19:06 1200  400    0 50,46  56,38  1,165          22           0
21:19:08 1200  400    0 49,93  56,38  1,194         100           0
21:19:10 1200  400    0 49,93  56,38  1,312         100           0
21:19:12 1200  400    0 49,93  56,38  1,163         100           0
21:19:14 1200  400    0 49,39  56,38  1,160          22           0
21:19:16 1200  400    0 49,93  56,38  1,161          22           0
21:19:18 1200  400    0 49,39  56,38  1,165         100           0
21:19:20 1200  400    0 49,39  56,38  1,168         100           0
21:19:23 1200  400    0 49,93  56,38  1,180         100           0
21:19:25 1200  400    0 49,93  56,38  1,165          22           0
21:19:27 1200  400    0 49,93  56,38  1,163          22           0
21:19:29 1200  400    0 49,39  56,38  1,169         100           0
21:19:31 1200  400    0 49,39  56,38  1,169         100           0
21:19:33 1200  400    0 49,39  56,38  1,165         122           0
21:19:35 1200  400    0 49,39  56,38  1,164          22           0
21:19:37 1200  400    0 49,39  56,38  1,169          22           0
21:19:39 1200  400    0 49,39  56,38  1,165         100           0
21:19:41 1200  400    0 49,39  56,38  1,173         100           0
21:19:43 1200  400    0 49,93  56,38  1,185         100           0
21:19:45 1200  400    0 49,93  56,38  1,186          22           0
21:19:47 1200  400    0 49,39  56,38  1,166          22           0
21:19:49 1200  400    0 49,39  56,38  1,169         100           0
21:19:51 1200  400    0 49,93  56,38  1,168         100           0
21:19:53 1200  400    0 49,39  56,38  1,168         100           0
21:19:55 1200  400    0 49,39  56,38  1,166          22           0
21:19:57 1200  400    0 49,39  56,38  1,164          22           0
21:19:59 1200  400    0 49,39  56,38  1,162         178           0
21:20:01 1200  400    0 49,39  56,38  1,168         100           0
21:20:03 1200  400    0 49,93  56,38  1,171          22           0
21:20:05 1200  400    0 49,39  56,38  1,200          22           0
21:20:07 1200  400    0 49,39  56,38  1,170          22           0
21:20:09 1200  400    0 49,93  56,38  1,387         327         247
21:20:11 1200  400    0 49,93  56,38  1,171         135          46
21:20:14 1200  400    0 49,39  56,38  1,173          22           0
21:20:16 1200  400    0 50,46  56,38  1,166          22           0
21:20:18 1200  400    0 50,46  56,38  1,168          22           0
21:20:20 1200  400    0 50,46  56,38  1,171         177           0
21:20:22 1200  400    0 49,39  56,38  1,168         100           0
21:20:24 1200  400    0 49,93  56,38  1,184          22           0
21:20:26 1200  400    0 49,93  56,38  1,186          22           0
21:20:28 1200  400    0 49,93  56,38  1,162          22           0
21:20:30 1200  400    0 49,39  56,38  1,168         178           0
21:20:32 1200  400    0 50,46  56,38  1,169         100           0
21:20:34 1200  400    0 49,93  56,38  1,165          22           0
21:20:36 1200  400    0 49,39  56,38  1,171          22           0
21:20:38 1200  400    0 49,39  56,38  1,168          22           0
21:20:40 1200  400    0 49,39  56,38  1,165         178           0
21:20:42 1200  400    0 49,93  56,38  1,170         100           0
21:20:44 1200  400    0 49,39  56,38  1,192          22           0
21:20:46 1200  400    0 49,93  56,38  1,168          22           0
21:20:48 1200  400    0 49,39  56,38  1,167         100           0
21:20:50 1200  400    0 49,39  56,38  1,173         100           0
21:20:52 1200  400    0 49,39  56,38  1,163         100           0
21:20:54 1200  400    0 49,93  56,38  1,161          22           0
21:20:56 1200  400    0 49,39  56,38  1,169          22           0
21:20:58 1200  400    0 49,93  56,38  1,165         100           0
21:21:00 1200  400    0 49,39  56,38  1,169         100           0
21:21:02 1200  400    0 49,39  56,38  1,168         100           0
21:21:05 1200  400    0 49,39  56,38  1,187          22           0
21:21:07 1200  400    0 49,93  56,38  1,166          22           0
21:21:09 1200  400    0 49,39  56,38  1,244         100           0
21:21:11 1200  400    0 49,39  56,38  1,242         100           0
21:21:13 1200  400    0 49,93  56,38  1,163         100           0
21:21:15 1200  400    0 49,39  56,38  1,168          45           0
21:21:17 1200  400    0 49,39  56,38  1,165          22           0
21:21:19 1200  400    0 49,39  56,38  1,172         100           0
21:21:21 1200  400    0 49,93  56,38  1,166         100           0
21:21:23 1200  400    0 49,39  56,38  1,168         100           0
21:21:25 1200  400    0 49,39  56,38  1,178          22           0
21:21:27 1200  400    0 49,39  56,38  1,167          22           0
21:21:29 1200  400    0 49,93  56,38  1,165         100           0
21:21:31 1200  400    0 49,39  56,38  1,165         100           0
21:21:33 1200  400    0 49,39  56,38  1,169         100           0
21:21:35 1200  400    0 49,39  56,38  1,163          22           0
21:21:37 1200  400    0 49,39  56,38  1,166          22           0
21:21:39 1200  400    0 49,39  56,38  1,165         100           0
21:21:41 1200  400    0 49,39  56,38  1,166         100           0
21:21:43 1200  400    0 49,39  56,38  1,162         100           0
21:21:45 1200  400    0 49,93  56,38  1,177          22           0
21:21:47 1200  400    0 49,93  56,38  1,159          22           0
21:21:49 1200  400    0 49,39  56,38  1,171         178           0
21:21:51 1200  400    0 49,39  56,38  1,163         100           0
21:21:54 1200  400    0 49,39  56,38  1,165          22           0
21:21:56 1200  400    0 49,39  56,38  1,168          22           0
21:21:58 1200  400    0 49,39  56,38  1,160          22           0
21:22:00 1200  400    0 49,39  56,38  1,165         178           0
21:22:02 1200  400    0 49,39  56,38  1,173          22           0
21:22:04 1200  400    0 49,39  56,38  1,166         100           0
21:22:06 1200  400    0 49,93  56,38  1,173          22           0
21:22:08 1200  400    0 49,39  56,38  1,177       1,061           0
21:22:10 1200  400    0 49,93  56,38  1,330         667           0
21:22:12 1200  400    0 49,93  56,38  1,169         589           0
21:22:14 1200  400    0 49,39  56,38  1,153          22           0
21:22:16  600  250    0 46,70  56,38    998         507           0
21:22:18  600  250    0 45,08  56,38  1,003          22           0
21:22:20  800  300    0 44,55  56,38  1,015         177           0
21:22:22  600  250    0 43,47  56,38    993          99           0
21:22:24  600  300    0 43,47  56,38  1,018          22           0
21:22:26  800  300    0 43,47  56,38  1,039          22           0
21:22:28  600  250    0 43,47  56,38  1,013          22           0
21:22:30  600  250    0 42,93  56,38  1,008         176           0
21:22:32  600  250    0 43,47  56,38  1,032          99           0
21:22:34  600  250    0 43,47  56,38  1,011          22           0
21:22:37  600  250    0 42,93  56,38  1,019          22           0
21:22:39  800  300    0 42,93  56,38  1,028         100           0
21:22:41  600  250    0 43,47  56,38  1,008          99           0
21:22:43  600  250    0 43,47  56,38  1,025         122           0
21:22:45  800  300    0 42,93  56,38  1,029          22           0
21:22:47  600  250    0 42,93  56,38  1,034          22           0
21:22:49  600  250    0 43,47  56,38  1,005          99           0
21:22:51  600  300    0 43,47  56,38  1,025          99           0
21:22:53  600  250    0 42,93  56,38  1,022         644           0
21:22:55  600  250    0 43,47  56,38  1,025         993           0
21:22:57  800  300    0 44,01  56,38  1,019         511           0
21:22:59  600  250    0 44,01  56,38  1,011          99           0
21:23:01  600  250    0 43,47  56,38  1,016         583           0
21:23:03  800  300    0 44,01  56,38  1,027         100           0
21:23:05  600  250    0 44,01  56,38  1,000          22           0
21:23:07  600  250    0 43,47  56,38  1,025          22           0
21:23:09  600  250    0 44,01  56,38  1,193         662           0
21:23:11  600  250    0 44,55  56,38  1,021          99           0
21:23:14  600  250    0 43,47  56,38  1,015          22           0
21:23:16  600  250    0 44,01  56,38  1,011          22           0
21:23:18  600  250    0 44,01  56,38  1,013          22           0
21:23:20  600  250    0 44,01  56,38  1,048         176           0
21:23:22  800  300    0 44,55  56,38  1,023         100           0
21:23:24  600  250    0 44,55  56,38  1,005          22           0
21:23:26  600  250    0 44,55  56,38  1,008         506           0
21:23:28  600  250    0 44,01  56,38  1,050          22           0
21:23:30  600  250    0 45,08  56,38  1,014         176           0
21:23:32  600  300    0 44,55  56,38  1,017          99           0
21:23:34  600  250    0 45,08  56,38  1,012          22           0
21:23:36  600  250    0 45,08  56,38  1,010          22           0
21:23:38  600  250    0 44,55  56,38  1,012          22           0
21:23:40  600  250    0 44,55  56,38  1,021         176           0
21:23:42  600  250    0 45,08  56,38  1,019          99           0
21:23:44  600  250    0 45,08  56,38  1,009          22           0
21:23:46  600  250    0 45,08  56,38  1,020          22           0
21:23:49  600  250    0 45,08  56,38  1,031          99           0
21:23:51  600  250    0 45,08  56,38  1,047          99           0
21:23:53  600  250    0 45,08  56,38  1,029          99           0
21:23:55  600  250    0 45,08  56,38  1,014          44           0
21:23:57  600  250    0 45,08  56,38  1,019         506           0
21:23:59  600  250    0 45,62  56,38  1,012          99           0
21:24:01  600  250    0 45,08  56,38  1,022          99           0
21:24:03  600  250    0 45,08  56,38  1,020          99           0
21:24:05  600  250    0 45,62  56,38  1,036          22           0
21:24:07  600  250    0 45,62  56,38  1,031          22           0
21:24:09  600  250    0 45,62  56,38  1,275          99           0
21:24:11  600  250    0 45,62  56,38  1,034          99           0
21:24:13  600  250    0 46,16  56,38  1,022          99           0
21:24:15  600  250    0 45,62  56,38  1,025          22           0
21:24:17  600  250    0 46,16  56,38  1,031          22           0
21:24:19  600  250    0 46,16  56,38  1,025         176           0
21:24:22  600  250    0 46,16  56,38  1,027          99           0
21:24:24  600  250    0 46,16  56,38  1,007          22           0
21:24:26  600  250    0 45,62  56,38  1,021          22           0
21:24:28  600  250    0 46,16  56,38  1,013          22           0
21:24:30  600  250    0 46,16  56,38  1,056         176           0
21:24:32  600  250    0 46,16  56,38  1,028          99           0
21:24:34  600  250    0 46,16  56,38  1,010          22           0
21:24:36  600  250    0 46,16  56,38  1,016          22           0
21:24:38  600  250    0 46,16  56,38  1,019          22           0
21:24:40  600  250    0 45,62  56,38  1,011         176           0
21:24:42  600  250    0 46,16  56,38  1,024          99           0
21:24:44  600  250    0 46,16  56,38  1,034          22           0
21:24:46  600  250    0 46,70  56,38  1,021          22           0
21:24:48  600  250    0 46,16  56,38  1,032          22           0
21:24:50  600  250    0 47,24  56,38  1,020         176           0
21:24:52  600  250    0 46,70  56,38  1,010          99           0
21:24:54  600  250    0 46,16  56,38  1,025          22           0
21:24:57  600  250    0 47,24  56,38  1,012          22           0
21:24:59  600  250    0 46,16  56,38  1,021          99           0
21:25:01  600  250    0 46,70  56,38  1,044         584           0
21:25:03  600  250    0 47,24  56,38  1,019         121           0
21:25:05  600  300    0 46,70  56,38  1,013          22           0
21:25:07  600  250    0 46,16  56,38  1,023          22           0
21:25:09  600  250    0 46,70  56,38  1,210          99           0
21:25:11  600  250    0 47,24  56,38  1,055          99           0
21:25:13  600  250    0 47,24  56,38  1,028          99           0
21:25:15 1200  400    0 50,46  56,38  1,219          22           0
21:25:17 1200  400    0 52,08  56,38  1,252          22           0
21:25:19 1200  400    0 53,69  56,38  1,263          99           0
21:25:21 1200  400    0 54,23  56,38  1,265         100           0
21:25:23 1200  400    0 55,84  56,38  1,264         100           0
21:25:25 1200  400    0 55,84  56,38  1,261          22           0
21:25:27 1200  400    0 56,38  56,38  1,272          22           0
21:25:29 1200  400    0 56,92  56,92  1,288         178           0
21:25:31 1200  400    0 56,92  56,92  1,260         100           0
21:25:33 1200  400    0 57,46  57,46  1,266          22           0
21:25:35 1200  400    0 56,92  57,46  1,257          22           0
21:25:38 1200  400    0 56,92  57,46  1,261          22           0
21:25:40 1200  400    0 57,46  57,46  1,265         178           0
21:25:42 1200  400    0 56,92  57,46  1,263         100           0
21:25:44 1200  400    0 58,00  58,00  1,262          22           0
21:25:46 1200  400    0 56,92  58,00  1,260          22           0
21:25:48 1200  400    0 56,92  58,00  1,267          22           0
21:25:50 1200  400    0 57,46  58,00  1,265         178           0
21:25:52 1200  400    0 56,92  58,00  1,261         100           0
21:25:54 1200  400    0 56,92  58,00  1,261          22           0
21:25:56 1200  400    0 56,92  58,00  1,262          22           0
21:25:58 1200  400    0 56,92  58,00  1,259          22           0
21:26:00 1200  400    0 58,00  58,00  1,269         178           0
21:26:02 1200  400    0 56,92  58,00  1,271         100           0
21:26:04 1200  400    0 56,92  58,00  1,257          22           0
21:26:06 1200  400    0 56,92  58,00  1,261          22           0
21:26:08 1200  400    0 56,92  58,00  1,338          22           0
21:26:10 1200  400    0 56,92  58,00  1,423         178           0
21:26:12 1200  400    0 56,92  58,00  1,265         100           0
21:26:14 1200  400    0 56,38  58,00  1,264          22           0
21:26:16 1200  400    0 56,38  58,00  1,264          22           0
21:26:18 1200  400    0 56,92  58,00  1,259          22           0
21:26:20 1200  400    0 56,38  58,00  1,269         178           0
21:26:22 1200  400    0 56,38  58,00  1,267         100           0
21:26:24 1200  400    0 55,84  58,00  1,259          22           0
21:26:27 1200  400    0 56,38  58,00  1,267          22           0
21:26:29 1200  400    0 56,38  58,00  1,274         100           0
21:26:31 1200  400    0 55,84  58,00  1,263         100           0
21:26:33 1200  400    0 55,84  58,00  1,262         100           0
21:26:35 1200  400    0 55,84  58,00  1,264          22           0
21:26:37 1200  400    0 55,84  58,00  1,265          45           0
21:26:39 1200  400    0 55,84  58,00  1,267         100           0
21:26:41 1200  400    0 55,84  58,00  1,271         100           0
21:26:43 1200  400    0 55,84  58,00  1,261         100           0
21:26:45 1200  400    0 55,84  58,00  1,270          22           0
21:26:47 1200  400    0 55,84  58,00  1,264          22           0
21:26:49 1200  400    0 55,84  58,00  1,266         100           0
21:26:51 1200  400    0 55,84  58,00  1,269         100           0
21:26:53 1200  400    0 55,31  58,00  1,259         100           0
21:26:55 1200  400    0 55,84  58,00  1,265          22           0
21:26:57 1200  400    0 55,84  58,00  1,264          22           0
21:26:59 1200  400    0 55,84  58,00  1,265         100           0
21:27:01 1200  400    0 55,84  58,00  1,266         100           0
21:27:03 1200  400    0 55,31  58,00  1,264         100           0
21:27:05 1200  400    0 55,31  58,00  1,264          22           0
21:27:07 1200  400    0 55,84  58,00  1,276          22           0
21:27:09 1200  400    0 55,84  58,00  1,450         100           0
21:27:11 1200  400    0 55,84  58,00  1,272         100           0
21:27:13 1200  400    0 55,84  58,00  1,254          99           0
21:27:16 1200  400    0 55,31  58,00  1,274          22           0
21:27:18 1200  400    0 55,84  58,00  1,265          22           0
21:27:20 1200  400    0 54,77  58,00  1,263          99           0
21:27:22 1200  400    0 55,31  58,00  1,268         100           0
21:27:24 1200  400    0 55,84  58,00  1,276         100           0
21:27:26 1200  400    0 55,31  58,00  1,282          22           0
21:27:28 1200  400    0 54,77  58,00  1,268          22           0
21:27:30 1200  400    0 55,31  58,00  1,267         178           0
21:27:32 1200  400    0 55,31  58,00  1,264         100           0
21:27:34 1200  400    0 55,84  58,00  1,264          22           0
21:27:36 1200  400    0 54,77  58,00  1,257          22           0
21:27:38 1200  400    0 55,84  58,00  1,268          22           0
21:27:40 1200  400    0 55,31  58,00  1,265         178           0
21:27:42 1200  400    0 54,77  58,00  1,267         100           0
21:27:44 1200  400    0 54,77  58,00  1,266          22           0
21:27:46 1200  400    0 55,31  58,00  1,258          22           0
21:27:48 1200  400    0 55,31  58,00  1,275          22           0
21:27:50 1200  400    0 55,31  58,00  1,286         178           0
21:27:52 1200  400    0 54,77  58,00  1,275         100           0
21:27:54 1200  400    0 54,77  58,00  1,264          22           0
21:27:56 1200  400    0 54,77  58,00  1,266          22           0
21:27:58 1200  400    0 54,77  58,00  1,264          22           0
21:28:00 1200  400    0 54,77  58,00  1,264         178           0
21:28:02 1200  400    0 54,77  58,00  1,269         100           0
21:28:04 1200  400    0 54,77  58,00  1,261          22           0
21:28:07 1200  400    0 54,77  58,00  1,263         259           0
21:28:09 1200  400    0 54,77  58,00  1,382          22           0
21:28:11 1200  400    0 54,77  58,00  1,340         178           0
21:28:13 1200  400    0 54,77  58,00  1,264         100           0
21:28:15 1200  400    0 54,77  58,00  1,268          22           0
21:28:17 1200  400    0 54,77  58,00  1,260          45           0
21:28:19 1200  400    0 54,77  58,00  1,265         100           0
21:28:21 1200  400    0 54,77  58,00  1,269         100           0
21:28:23 1200  400    0 54,77  58,00  1,258         100           0
21:28:25 1200  400    0 54,77  58,00  1,265          22           0
21:28:27 1200  400    0 54,77  58,00  1,267          22           0
21:28:29 1200  400    0 54,77  58,00  1,280         100           0
21:28:31 1200  400    0 54,77  58,00  1,291         100           0
21:28:33 1200  400    0 54,77  58,00  1,268         100           0
21:28:35 1200  400    0 54,77  58,00  1,254          22           0
21:28:37 1200  400    0 54,77  58,00  1,267          22           0
21:28:39 1200  400    0 54,77  58,00  1,269         100           0
21:28:41 1200  400    0 54,77  58,00  1,266         100           0
21:28:43 1200  400    0 54,77  58,00  1,265         100           0
21:28:45 1200  400    0 55,31  58,00  1,262          22           0
21:28:47 1200  400    0 54,77  58,00  1,261          22           0
21:28:49 1200  400    0 54,77  58,00  1,290         100           0
21:28:51 1200  400    0 55,31  58,00  1,277         100           0
21:28:53 1200  400    0 54,77  58,00  1,273         100           0
21:28:55 1200  400    0 54,77  58,00  1,262          22           0
21:28:58 1200  400    0 54,77  58,00  1,265          22           0
21:29:00 1200  400    0 54,77  58,00  1,261         100           0
21:29:02 1200  400    0 54,77  58,00  1,267         100           0
21:29:04 1200  400    0 54,77  58,00  1,269         100           0
21:29:06 1200  400    0 54,23  58,00  1,263          22           0
21:29:08 1200  400    0 54,77  58,00  1,267          22           0
21:29:10 1200  400    0 54,77  58,00  1,499         100           0
21:29:12 1200  400    0 54,23  58,00  1,267         100           0
21:29:14 1200  400    0 54,77  58,00  1,259         100           0
21:29:16 1200  400    0 54,77  58,00  1,269          22           0
21:29:18 1200  400    0 54,77  58,00  1,263          22           0
21:29:20 1200  400    0 54,77  58,00  1,264         178           0
21:29:22 1200  400    0 55,31  58,00  1,264         100           0
21:29:24 1200  400    0 54,77  58,00  1,269          22           0
21:29:26 1200  400    0 54,23  58,00  1,282          22           0
21:29:28 1200  400    0 54,77  58,00  1,265          22           0
21:29:30 1200  400    0 54,77  58,00  1,275         178           0
21:29:32 1200  400    0 54,77  58,00  1,268          99           0
21:29:34 1200  400    0 54,77  58,00  1,260          22           0
21:29:36 1200  400    0 54,77  58,00  1,261          22           0
21:29:38 1200  400    0 54,77  58,00  1,265          22           0
21:29:40 1200  400    0 54,77  58,00  1,266         178           0
21:29:42 1200  400    0 54,77  58,00  1,269         100           0
21:29:44 1200  400    0 54,77  58,00  1,263          22           0
21:29:47 1200  400    0 54,77  58,00  1,265          22           0
21:29:49 1200  400    0 55,31  58,00  1,260          22           0
21:29:51 1200  400    0 55,31  58,00  1,311         292         123
21:29:53 1200  400    0 54,77  58,00  1,257         171         169
21:29:55 1200  400    0 54,77  58,00  1,260          22           0
21:29:57 1200  400    0 54,77  58,00  1,270          45           0
21:29:59 1200  400    0 54,77  58,00  1,262          22           0
21:30:01 1200  400    0 54,77  58,00  1,267         178           0
21:30:03 1200  400    0 54,77  58,00  1,274         100           0
21:30:05 1200  400    0 54,77  58,00  1,258          22           0
21:30:07 1200  400    0 54,77  58,00  1,263          22           0
21:30:09 1200  400    0 54,77  58,00  1,449         100           0
21:30:11 1200  400    0 54,77  58,00  1,306         100           0
21:30:13 1200  400    0 54,23  58,00  1,262         100           0
21:30:15 1200  400    0 54,77  58,00  1,267          22           0
21:30:17 1200  400    0 54,77  58,00  1,267          22           0
21:30:19 1200  400    0 54,77  58,00  1,262         100           0
21:30:21 1200  400    0 53,69  58,00  1,307         100           0
21:30:23 1200  400    0 54,77  58,00  1,281          99           0
21:30:25 1200  400    0 54,77  58,00  1,253          22           0
21:30:27 1200  400    0 54,77  58,00  1,266          22           0
21:30:29 1200  400    0 54,23  58,00  1,265         100           0
21:30:31 1200  400    0 53,69  58,00  1,274         100           0
21:30:33 1200  400    0 54,77  58,00  1,272         100           0
21:30:36 1200  400    0 54,23  58,00  1,259          22           0
21:30:38 1200  400    0 54,77  58,00  1,263          22           0
21:30:40 1200  400    0 54,77  58,00  1,269         100           0
21:30:42 1200  400    0 54,77  58,00  1,265         100           0
21:30:44 1200  400    0 54,77  58,00  1,266         100           0
21:30:46 1200  400    0 54,23  58,00  1,267          22           0
21:30:48 1200  400    0 54,77  58,00  1,260          22           0
21:30:50 1200  400    0 54,77  58,00  1,285         100           0
21:30:52 1200  400    0 54,77  58,00  1,273         100           0
21:30:54 1200  400    0 54,77  58,00  1,269         100           0
21:30:56 1200  400    0 54,23  58,00  1,263          22           0
21:30:58 1200  400    0 54,77  58,00  1,269          22           0
21:31:00 1200  400    0 54,23  58,00  1,285         100           0
21:31:02 1200  400    0 54,23  58,00  1,283       1,161           0
21:31:04 1200  400    0 54,77  58,00  1,268         589           0
21:31:06 1200  400    0 54,77  58,00  1,266         511           0
21:31:08 1200  400    0 54,77  58,00  1,307          22           0
21:31:10 1200  400    0 54,77  58,00  1,430         667           0
21:31:12 1200  400    0 54,77  58,00  1,298         100           0
21:31:14 1200  400    0 54,77  58,00  1,261          22           0
21:31:16 1200  400    0 54,77  58,00  1,267          22           0
21:31:18 1200  400    0 54,77  58,00  1,263         511           0
21:31:20 1200  400    0 54,77  58,00  1,266         178           0
21:31:22 1200  400    0 54,77  58,00  1,268         100           0
21:31:24 1200  400    0 54,77  58,00  1,261          22           0
21:31:27 1200  400    0 54,23  58,00  1,262          22           0
21:31:29 1200  400    0 54,77  58,00  1,266          22           0
21:31:31 1200  400    0 54,77  58,00  1,263         178           0
21:31:33 1200  400    0 54,77  58,00  1,275         100           0
21:31:35 1200  400    0 54,77  58,00  1,270         513           0
21:31:37 1200  400    0 55,31  58,00  1,260          45           0
21:31:39 1200  400    0 55,31  58,00  1,264          22           0
21:31:41 1200  400    0 54,77  58,00  1,269         178           0
21:31:43 1200  400    0 54,77  58,00  1,270         100           0
21:31:45 1200  400    0 54,23  58,00  1,284          22           0
21:31:47 1200  400    0 54,77  58,00  1,274          22           0
21:31:49 1200  400    0 54,77  58,00  1,264         100           0
21:31:51 1200  400    0 54,77  58,00  1,280         100           0
21:31:53 1200  400    0 54,77  58,00  1,269         100           0
21:31:55 1200  400    0 54,77  58,00  1,264          22           0
21:31:57 1200  400    0 54,23  58,00  1,263          22           0
21:31:59 1200  400    0 54,77  58,00  1,274         100           0
21:32:01 1200  400    0 54,77  58,00  1,290         100           0
21:32:03 1200  400    0 54,77  58,00  1,271         122           0
21:32:05 1200  400    0 54,77  58,00  1,264         513           0
21:32:07 1200  400    0 54,23  58,00  1,263          22           0
21:32:09 1200  400    0 54,77  58,00  1,489         100           0
21:32:11 1200  400    0 54,77  58,00  1,308         100           0
21:32:13 1200  400    0 54,77  58,00  1,252         100           0
21:32:16  600  250    0 51,00  58,00  1,032          22           0
21:32:18  600  250    0 48,31  58,00  1,012          22           0
21:32:20  600  250    0 47,24  58,00  1,015          99           0
21:32:22  800  300    0 46,16  58,00  1,061          99           0
21:32:24  600  250    0 46,16  58,00  1,016          99           0
21:32:26  600  250    0 45,08  58,00  1,018          22           0
21:32:28  800  300    0 45,08  58,00  1,019          22           0
21:32:30  600  250    0 44,55  58,00  1,009          99           0
21:32:32  600  250    0 44,01  58,00  1,040          99           0
21:32:34  800  300    0 44,55  58,00  1,033         100           0
21:32:36  600  250    0 43,47  58,00  1,006          22           0
21:32:38  600  250    0 43,47  58,00  1,014          22           0
21:32:40  800  300    0 43,47  58,00  1,061         177           0
21:32:42  600  250    0 44,01  58,00  1,008          99           0
21:32:44  600  250    0 42,93  58,00  1,024          22           0
21:32:46  800  300    0 43,47  58,00  1,022          22           0
21:32:48  600  250    0 43,47  58,00  1,012          22           0
21:32:50  600  250    0 44,01  58,00  1,053         176           0
21:32:53  600  300    0 44,01  58,00  1,022          99           0
21:32:55  600  250    0 44,01  58,00  1,015          22           0
21:32:57  600  250    0 44,01  58,00  1,014          22           0
21:32:59  800  300    0 44,01  58,00  1,026          44           0
21:33:01  600  250    0 44,01  58,00  1,017         176           0
21:33:03  600  250    0 44,01  58,00  1,017         121           0
21:33:05  800  300    0 44,01  58,00  1,027          22           0
21:33:07  600  250    0 44,01  58,00  1,012          22           0
21:33:09  600  250    0 44,01  58,00  1,185         584           0
21:33:11  600  250    0 44,01  58,00  1,086          99           0
21:33:13  600  250    0 44,01  58,00  1,012          99           0
21:33:15  600  250    0 44,01  58,00  1,013          22           0
21:33:17  600  250    0 44,55  58,00  1,018          22           0
21:33:19  600  250    0 45,08  58,00  1,016          99           0
21:33:21  600  250    0 44,55  58,00  1,058          99           0
21:33:23  800  300    0 45,08  58,00  1,015         100           0
21:33:25  600  250    0 45,08  58,00  1,015          22           0
21:33:28  600  250    0 45,08  58,00  1,008          22           0
21:33:30  600  300    0 45,08  58,00  1,024          99           0
21:33:32  600  250    0 45,62  58,00  1,049          99           0
21:33:34  600  250    0 45,08  58,00  1,017          99           0
21:33:36  600  250    0 45,08  58,00  1,017          22           0
21:33:38  600  250    0 45,08  58,00  1,020          22           0
21:33:40  600  250    0 45,08  58,00  1,045          99           0
21:33:42  600  250    0 45,08  58,00  1,019          99           0
21:33:44  600  250    0 45,08  58,00  1,032          99           0
21:33:46  600  250    0 45,08  58,00  1,032          22           0
21:33:48  600  300    0 45,08  58,00  1,021          22           0
21:33:50  600  250    0 45,08  58,00  1,014          99           0
21:33:52  600  250    0 45,62  58,00  1,028          99           0
21:33:54  600  250    0 45,08  58,00  1,021          99           0
21:33:56  600  250    0 45,08  58,00  1,033          22           0
21:33:58  600  250    0 45,62  58,00  1,024          22           0
21:34:00  600  250    0 45,08  58,00  1,019         176           0
21:34:03  600  250    0 45,62  58,00  1,028         121           0
21:34:05  600  250    0 45,62  58,00  1,021          22           0
21:34:07  600  250    0 46,16  58,00  1,050          22           0
21:34:09  600  250    0 45,62  58,00  1,139          22           0
21:34:11  600  250    0 46,16  58,00  1,119         199           0
21:34:13  600  250    0 45,62  58,00  1,028         100           0
21:34:15  600  250    0 46,16  58,00  1,012          22           0
21:34:17  600  250    0 46,16  58,00  1,020          22           0
21:34:19  600  250    0 46,16  58,00  1,006          22           0
21:34:21  600  250    0 46,70  58,00  1,049         176           0
21:34:23  600  250    0 46,16  58,00  1,014          99           0
21:34:25  600  250    0 46,16  58,00  1,017          22           0
21:34:27  600  250    0 46,16  58,00  1,027          22           0
21:34:29  600  250    0 46,16  58,00  1,011          99           0
21:34:31  600  250    0 46,16  58,00  1,064          99           0
21:34:33  600  250    0 46,70  58,00  1,015          99           0
21:34:35  600  250    0 46,16  58,00  1,018          22           0
21:34:38  600  250    0 46,70  58,00  1,017          22           0
21:34:40  600  250    0 46,16  58,00  1,019          99           0
21:34:42  600  250    0 46,70  58,00  1,027          99           0
21:34:44  600  250    0 47,24  58,00  1,014          99           0
21:34:46  600  250    0 46,16  58,00  1,019          22           0
21:34:48  600  250    0 46,70  58,00  1,020          22           0
21:34:50  600  250    0 47,24  58,00  1,027          99           0
21:34:52  600  250    0 46,70  58,00  1,044          99           0
21:34:54  600  250    0 47,24  58,00  1,016          99           0
21:34:56  600  250    0 46,70  58,00  1,019          22           0
21:34:58  600  250    0 47,24  58,00  1,011          22           0
21:35:00  600  250    0 46,70  58,00  1,016          99           0
21:35:02  600  250    0 46,16  58,00  1,015         121           0
21:35:04  600  250    0 47,24  58,00  1,022          99           0
21:35:06  600  250    0 47,24  58,00  1,036          22           0
21:35:08  600  250    0 47,24  58,00  1,091          22           0
21:35:10  600  250    0 47,24  58,00  1,167         176           0
21:35:13  600  250    0 46,70  58,00  1,015          22           0
21:35:16 1200  400    0 50,46  58,00  1,249          75           0
21:35:19 1200  400    0 55,84  58,00  1,339          75           0
21:35:22 1200  400    0 58,00  58,00  1,339         109           0
21:35:26 1200  400    0 58,53  58,53  1,340          27           0
21:35:29 1200  400    0 59,61  59,61  1,337          27           0
21:35:32 1200  400    0 59,61  59,61  1,342         109           0
21:35:36 1200  400    0 60,69  60,69  1,339          74           0
21:35:39 1200  400    0 60,15  60,69  1,341          27           0
21:35:42 1200  400    0 60,69  60,69  1,353         157           0
21:35:46 1200  400    0 61,22  61,22  1,339          27           0
21:35:49 1200  400    0 61,22  61,22  1,329          73           0
21:35:53 1200  400    0 61,76  61,76  1,349         109           0
21:35:56 1200  400    0 61,22  61,76  1,320          27           0
21:35:59 1200  400    0 61,22  61,76  1,326          75           0
21:36:03 1200  400    0 60,69  61,76  1,328         123           0
21:36:06 1200  400    0 61,22  61,76  1,317          27           0
21:36:09 1200  400    0 61,22  61,76  1,430          27           0
21:36:12 1200  400    0 61,22  61,76  1,372         109           0
21:36:16 1200  400    0 61,22  61,76  1,348          75           0
21:36:19 1200  400    0 61,22  61,76  1,324          27           0
21:36:22 1200  400    0 61,22  61,76  1,321         109           0
21:36:26 1200  400    0 61,22  61,76  1,337          75           0
21:36:29 1200  400    0 61,22  61,76  1,321          27           0
21:36:32 1200  400    0 61,22  61,76  1,335         156           0
21:36:36 1200  400    0 61,22  61,76  1,326          27           0
21:36:39 1200  400    0 61,22  61,76  1,265          71           0
21:36:43 1200  400    0 60,69  61,76  1,385         109           0
21:36:46 1200  400    0 61,22  61,76  1,341          27           0
21:36:49 1200  400    0 60,15  61,76  1,321          75           0
21:36:53 1200  400    0 60,69  61,76  1,330         108           0
21:36:56 1200  400    0 61,22  61,76  1,320          27           0
21:36:59 1200  400    0 60,69  61,76  1,320          27           0
21:37:03 1200  400    0 60,69  61,76  1,322         123           0
21:37:06 1200  400    0 61,22  61,76  1,326          76           0
21:37:09 1200  400    0 60,69  61,76  1,425          27           0
21:37:13 1200  400    0 60,15  61,76  1,339         158           0
21:37:16 1200  400    0 60,15  61,76  1,325          27           0
21:37:19 1200  400    0 60,69  61,76  1,316          27           0
21:37:22 1200  400    0 61,22  61,76  1,325         110           0
21:37:26 1200  400    0 60,69  61,76  1,322          76           0
21:37:29 1200  400    0 60,69  61,76  1,321          27           0
21:37:32 1200  400    0 60,15  61,76  1,339         110           0
21:37:36 1200  400    0 60,69  61,76  1,319          75           0
21:37:39 1200  400    0 60,15  61,76  1,324          27           0
21:37:42 1200  400    0 60,15  61,76  1,326         109           0
21:37:46 1200  400    0 60,69  61,76  1,319          75           0
21:37:49 1200  400    0 60,15  61,76  1,327          27           0
21:37:52 1200  400    0 60,15  61,76  1,324         110           0
21:37:56 1200  400    0 60,15  61,76  1,328          75           0
21:37:59 1200  400    0 60,15  61,76  1,324          27           0
21:38:02 1200  400    0 60,69  61,76  1,326         108           0
21:38:06 1200  400    0 60,15  61,76  1,323          88           0
21:38:09 1200  400    0 60,69  61,76  1,420          27           0
21:38:12 1200  400    0 60,15  61,76  1,345         109           0
21:38:16 1200  400    0 60,15  61,76  1,328          75           0
21:38:19 1200  400    0 60,69  61,76  1,319          27           0
21:38:22 1200  400    0 60,15  61,76  1,326         110           0
21:38:26 1200  400    0 60,15  61,76  1,319          75           0
21:38:29 1200  400    0 60,69  61,76  1,324          27           0
21:38:32 1200  400    0 60,15  61,76  1,326         110           0
21:38:35 1200  400    0 60,15  61,76  1,328          75           0
21:38:39 1200  400    0 60,15  61,76  1,322          27           0
21:38:42 1200  400    0 60,15  61,76  1,321         110           0
21:38:45 1200  400    0 60,69  61,76  1,322          76           0
21:38:49 1200  400    0 60,15  61,76  1,318          13           0
21:38:52 1200  400    0 60,15  61,76  1,332         193         123
21:38:55 1200  400    0 60,15  61,76  1,338         119          56
21:38:59 1200  400    0 60,15  61,76  1,316          13           0
21:39:02 1200  400    0 60,15  61,76  1,328         123           0
21:39:05 1200  400    0 60,15  61,76  1,320          90           0
21:39:09 1200  400    0 60,15  61,76  1,380          13           0
21:39:12 1200  400    0 60,15  61,76  1,367         122           0
21:39:15 1200  400    0 60,15  61,76  1,343          74           0
21:39:19 1200  400    0 60,15  61,76  1,325          27           0
21:39:22 1200  400    0 60,15  61,76  1,327         108           0
21:39:25 1200  400    0 60,15  61,76  1,319          74           0
21:39:29 1200  400    0 60,69  61,76  1,323          27           0
21:39:32 1200  400    0 60,15  61,76  1,320         109           0
21:39:35 1200  400    0 60,15  61,76  1,341          75           0
21:39:39 1200  400    0 60,15  61,76  1,321          27           0
21:39:42 1200  400    0 60,15  61,76  1,319         109           0
21:39:45 1200  400    0 59,61  61,76  1,323          74           0
21:39:49 1200  400    0 60,15  61,76  1,321          27           0
21:39:52 1200  400    0 60,69  61,76  1,324         109           0
21:39:55 1200  400    0 60,15  61,76  1,341          75           0
21:39:59 1200  400    0 60,15  61,76  1,316          13           0
21:40:02 1200  400    0 60,15  61,76  1,324         123           0
21:40:05 1200  400    0 60,15  61,76  1,317          88           0
21:40:09 1200  400    0 59,61  61,76  1,396         159           0
21:40:12 1200  400    0 60,15  61,76  1,373         123           0
21:40:15 1200  400    0 60,15  61,76  1,338          75           0
21:40:19 1200  400    0 60,15  61,76  1,324          13           0
21:40:22 1200  400    0 60,69  61,76  1,315         123           0
21:40:25 1200  400    0 60,15  61,76  1,330          75           0
21:40:29 1200  400    0 60,15  61,76  1,321          13           0
21:40:32 1200  400    0 60,15  61,76  1,331         122           0
21:40:35 1200  400    0 60,15  61,76  1,345          73           0
21:40:39 1200  400    0 60,15  61,76  1,326          13           0
21:40:42 1200  400    0 60,15  61,76  1,329         122           0
21:40:45 1200  400    0 60,15  61,76  1,326          74           0
21:40:49 1200  400    0 60,69  61,76  1,321          13           0
21:40:52 1200  400    0 60,15  61,76  1,320         121           0
21:40:55 1200  400    0 60,15  61,76  1,317          76           0
21:40:59 1200  400    0 60,15  61,76  1,332          13           0
21:41:02 1200  400    0 60,15  61,76  1,330         122           0
21:41:05 1200  400    0 60,69  61,76  1,320          75           0
21:41:09 1200  400    0 59,61  61,76  1,395          13           0
21:41:12 1200  400    0 60,15  61,76  1,369         123           0
21:41:15 1200  400    0 60,15  61,76  1,325          75           0
21:41:19 1200  400    0 60,69  61,76  1,329          13           0
21:41:22 1200  400    0 59,07  61,76  1,320         122           0
21:41:25 1200  400    0 60,15  61,76  1,327          74           0
21:41:29 1200  400    0 60,15  61,76  1,321          13           0
21:41:32 1200  400    0 60,15  61,76  1,328         122           0
21:41:35 1200  400    0 60,15  61,76  1,328          74           0
21:41:39 1200  400    0 60,15  61,76  1,295          26           0
21:41:42 1200  400    0 60,15  61,76  1,362         106           0
21:41:46 1200  400    0 60,15  61,76  1,324          75           0
21:41:49 1200  400    0 60,15  61,76  1,320          27           0
21:41:52 1200  400    0 60,15  61,76  1,324         108           0
21:41:56 1200  400    0 60,15  61,76  1,329          74           0
21:41:59 1200  400    0 60,15  61,76  1,332          26           0
21:42:02 1200  400    0 60,15  61,76  1,329         108           0
21:42:06 1200  400    0 60,15  61,76  1,314          76           0
21:42:09 1200  400    0 60,15  61,76  1,434          25           0
21:42:13 1200  400    0 60,69  61,76  1,335         158           0
21:42:15  600  250    0 56,38  61,76  1,159          44           0
21:42:17  600  250    0 53,15  61,76  1,009          22           0
21:42:19  600  250    0 51,54  61,76  1,000          22           0
21:42:21  600  250    0 49,39  61,76  1,075         289         199
21:42:23  600  250    0 49,39  61,76  1,007         169          91
21:42:25  600  250    0 47,24  61,76  1,011          22           0
21:42:27  600  250    0 47,24  61,76  1,013          22           0
21:42:29  600  250    0 46,70  61,76  1,005          22           0
21:42:31  600  250    0 46,70  61,76    995         176           0
21:42:33  800  250    0 45,08  61,76  1,022          99           0
21:42:35  600  250    0 45,08  61,76    990          22           0
21:42:37  600  250    0 44,01  61,76  1,016          22           0
21:42:39  600  250    0 44,55  61,76  1,017          22           0
21:42:42  600  250    0 44,01  61,76  1,011         176           0
21:42:44  600  250    0 44,01  61,76  1,002          99           0
21:42:46  600  250    0 44,01  61,76  1,008          22           0
21:42:48  600  250    0 44,01  61,76  1,013          22           0
21:42:50  600  250    0 44,01  61,76  1,000          22           0
21:42:52  600  250    0 43,47  61,76  1,023         176           0
21:42:54  600  250    0 44,01  61,76  1,003          99           0
21:42:56  600  250    0 44,55  61,76  1,021          22           0
21:42:58  600  250    0 44,01  61,76  1,021          22           0
21:43:00  600  250    0 44,01  61,76    990          99           0
21:43:02  600  250    0 44,01  61,76  1,022          99           0
21:43:04  600  250    0 44,55  61,76  1,017          99           0
21:43:06  600  250    0 44,01  61,76  1,004          22           0
21:43:08  600  250    0 44,01  61,76  1,085          22           0
21:43:10  600  250    0 44,55  61,76  1,145          99           0
21:43:12  600  250    0 45,08  61,76  1,032          99           0
21:43:14  600  250    0 44,55  61,76    996          99           0
21:43:17  800  300    0 44,55  61,76  1,036          22           0
21:43:19  600  250    0 44,55  61,76    993          22           0
21:43:21  600  250    0 45,08  61,76  1,003          99           0
21:43:23  600  250    0 45,08  61,76  1,035         121           0
21:43:25  600  250    0 45,08  61,76  1,006          99           0
21:43:27  600  250    0 45,08  61,76  1,004          22           0
21:43:29  600  250    0 45,08  61,76  1,009          22           0
21:43:31  600  250    0 45,08  61,76  1,009          99           0
21:43:33  600  250    0 45,08  61,76  1,001          99           0
21:43:35  600  250    0 45,08  61,76  1,023          99           0
21:43:37  600  250    0 45,08  61,76  1,012          22           0
21:43:39  600  250    0 45,08  61,76  1,002          22           0
21:43:41  600  250    0 45,08  61,76  1,030         176           0
21:43:43  600  250    0 45,08  61,76  1,005          99           0
21:43:45  600  300    0 45,62  61,76  1,009          22           0
21:43:47  600  250    0 46,16  61,76  1,015          22           0
21:43:49  600  250    0 46,16  61,76  1,003          22           0
21:43:52  600  250    0 46,16  61,76    998         176           0
21:43:54  600  250    0 46,16  61,76  1,019          99           0
21:43:56  600  250    0 46,16  61,76  1,008          22           0
21:43:58  600  250    0 46,16  61,76  1,014          22           0
21:44:00  800  300    0 46,16  61,76  1,015          22           0
21:44:02  600  250    0 46,16  61,76  1,014         176           0
21:44:04  600  250    0 46,16  61,76  1,007          99           0
21:44:06  600  250    0 46,16  61,76  1,018          22           0
21:44:08  600  250    0 46,16  61,76    998          22           0
21:44:10  600  250    0 46,16  61,76  1,241          99           0
21:44:12  600  250    0 46,16  61,76  1,049          99           0
21:44:14  600  250    0 46,16  61,76  1,000          99           0
21:44:16  600  250    0 46,16  61,76  1,015          22           0
21:44:18  800  300    0 46,16  61,76  1,013          22           0
21:44:20  600  250    0 46,16  61,76    992          99           0
21:44:22  600  250    0 46,16  61,76  1,011          99           0
21:44:24  600  250    0 46,16  61,76  1,027          99           0
21:44:27  600  250    0 46,16  61,76    996          22           0
21:44:29  600  250    0 46,16  61,76  1,011          22           0
21:44:31  600  250    0 46,16  61,76  1,025          99           0
21:44:33  600  250    0 46,70  61,76  1,022         121           0
21:44:35  600  250    0 46,16  61,76  1,017          99           0
21:44:37  600  250    0 46,70  61,76  1,056          22           0
21:44:39  600  250    0 47,24  61,76  1,038          22           0
21:44:41  600  250    0 46,70  61,76  1,020          99           0
21:44:43  800  300    0 47,24  61,76  1,031          99           0
21:44:45  600  250    0 47,24  61,76  1,013          99           0
21:44:47  600  250    0 47,24  61,76  1,013          22           0
21:44:49  600  250    0 47,77  61,76  1,034          22           0
21:44:51  600  250    0 47,24  61,76  1,017         176           0
21:44:53  600  250    0 47,24  61,76  1,022          99           0
21:44:55  600  250    0 47,77  61,76  1,026          22           0
21:44:57  600  250    0 47,24  61,76  1,039          22           0
21:44:59  600  250    0 47,24  61,76  1,010          22           0
21:45:02  800  300    0 47,24  61,76  1,040         177           0
21:45:04  600  250    0 47,24  61,76  1,008          99           0
21:45:06  600  250    0 47,24  61,76  1,066          22           0
21:45:08  800  300    0 47,24  61,76  1,028          22           0
21:45:10  600  250    0 47,24  61,76  1,274          22           0
21:45:12  600  250    0 47,24  61,76  1,045         176           0
