   onfig: v0,5,5, args "", priority lowest +19)
   Board: 4 x ARMv7  ores available, ondemand governor Pi3 rev 1,2, B M2837 So  with 1GB RAM by Sony UK)
  Memory: 1024MB split 948MB ARM, 76MB GPU) plus 100MB Swap
HW Blo k: |   ARM   |   ore  |  H264  |    SDRAM    |
Min Freq: |  600 | 250 |   0 |    450   |
Max Freq: | 1200 | 400 | 300 |    450   |
Voltages: |         0, 1,2938V        | +1, 1,2250V |
   Other: temp_limit=85
Firmware: Jul 17 2020 11:04:27, version 21a15 b094f41 7506ad65d2 b9b29 550693057  lean) release) start)
   ode s: H264 H263 MPG4 MJPG P M
  Booted: Thu Sep 10 21:50:33 2020
21:51:44 1200  400    0 52,62  52,62  3,224           0           0
21:51:46  600  250    0 51,54  52,62    995          22           0
21:51:48  600  250    0 51,00  52,62  1,025          22           0
21:51:50  600  250    0 51,54  52,62  1,001          22           0
21:51:52  600  250    0 51,54  52,62  1,093         176           0
21:51:54 1200  400    0 53,15  53,15  1,264         100           0
21:51:56 1200  400    0 53,69  53,69  1,171          22           0
21:51:58 1200  400    0 54,23  54,23  1,089          22           0
21:52:00 1200  400    0 53,69  54,23  1,082          22           0
21:52:02 1200  400    0 54,77  54,77  1,111         178           0
21:52:04 1200  400    0 54,77  54,77  1,085         100           0
21:52:06 1200  400    0 55,31  55,31  1,078          22           0
21:52:09 1200  400    0 54,77  55,31  1,082          22           0
21:52:11 1200  400    0 55,84  55,84  1,078         100           0
21:52:13 1200  400    0 55,84  55,84  1,087         100           0
21:52:15 1200  400    0 56,38  56,38  1,108         100           0
21:52:17 1200  400    0 55,84  56,38  1,084         259           0
21:52:19 1200  400    0 56,38  56,38  1,072          45           0
21:52:21 1200  400    0 55,84  56,38  1,071         100           0
21:52:23 1200  400    0 55,84  56,38  1,084         100           0
21:52:25 1200  400    0 56,38  56,38  1,074         100           0
21:52:27 1200  400    0 56,92  56,92  1,078          22           0
21:52:29 1200  400    0 56,92  56,92  1,076          22           0
21:52:31 1200  400    0 56,92  56,92  1,107         100           0
21:52:33 1200  400    0 56,92  56,92  1,106         100           0
21:52:35 1200  400    0 56,92  56,92  1,076         100           0
21:52:37 1200  400    0 56,38  56,92  1,072          22           0
21:52:39 1200  400    0 56,92  56,92  1,074          22           0
21:52:41 1200  400    0 57,46  57,46  1,099         100           0
21:52:43 1200  400    0 56,92  57,46  1,082         100           0
21:52:45 1200  400    0 56,92  57,46  1,072         100           0
21:52:47 1200  400    0 56,92  57,46  1,092          22           0
21:52:49 1200  400    0 56,92  57,46  1,077          22           0
21:52:51 1200  400    0 58,00  58,00  1,109         178           0
21:52:53 1200  400    0 58,00  58,00  1,094         100           0
21:52:55 1200  400    0 58,00  58,00  1,318          22           0
21:52:57 1200  400    0 58,00  58,00  1,098          22           0
21:53:00 1200  400    0 59,07  59,07  1,124          22           0
21:53:02 1200  400    0 58,53  59,07  1,120         327         293
21:53:04 1200  400    0 58,00  59,07  1,072         135           0
21:53:06 1200  400    0 58,53  59,07  1,068          22           0
21:53:08 1200  400    0 58,53  59,07  1,081          22           0
21:53:10 1200  400    0 58,53  59,07  1,069          22           0
21:53:12 1200  400    0 58,53  59,07  1,090         178           0
21:53:14 1200  400    0 59,07  59,07  1,082         100           0
21:53:16 1200  400    0 59,07  59,07  1,089          22           0
21:53:18 1200  400    0 59,07  59,07  1,076          22           0
21:53:20 1200  400    0 59,07  59,07  1,067          22           0
21:53:22 1200  400    0 59,61  59,61  1,081         178           0
21:53:24 1200  400    0 59,07  59,61  1,072         100           0
21:53:26 1200  400    0 59,07  59,61  1,068          22           0
21:53:28 1200  400    0 58,53  59,61  1,091          22           0
21:53:30 1200  400    0 59,07  59,61  1,079          22           0
21:53:32 1200  400    0 59,07  59,61  1,081         178           0
21:53:34 1200  400    0 59,07  59,61  1,098         100           0
21:53:36 1200  400    0 59,07  59,61  1,079          22           0
21:53:38 1200  400    0 60,15  60,15  1,093          22           0
21:53:40 1200  400    0 60,15  60,15  1,077          22           0
21:53:42 1200  400    0 59,07  60,15  1,081         178           0
21:53:44 1200  400    0 59,61  60,15  1,079         100           0
21:53:46 1200  400    0 60,15  60,15  1,081          22           0
21:53:48 1200  400    0 60,15  60,15  1,088          22           0
21:53:50 1200  400    0 60,15  60,15  1,078         100           0
21:53:53 1200  400    0 60,69  60,69  1,126         100           0
21:53:55 1200  400    0 60,15  60,69  1,317         100           0
21:53:57 1200  400    0 60,15  60,69  1,140          22           0
21:53:59 1200  400    0 60,15  60,69  1,104          22           0
21:54:01 1200  400    0 60,15  60,69  1,088         100           0
21:54:03 1200  400    0 60,15  60,69  1,082         123           0
21:54:05 1200  400    0 60,69  60,69  1,066         100           0
21:54:07 1200  400    0 60,15  60,69  1,077          22           0
21:54:09 1200  400    0 60,15  60,69  1,073          22           0
21:54:11 1200  400    0 60,15  60,69  1,102         100           0
21:54:13 1200  400    0 60,15  60,69  1,099         100           0
21:54:15 1200  400    0 60,15  60,69  1,080         100           0
21:54:17 1200  400    0 60,15  60,69  1,075          22           0
21:54:19 1200  400    0 60,15  60,69  1,080          22           0
21:54:21 1200  400    0 60,15  60,69  1,079         100           0
21:54:23 1200  400    0 60,15  60,69  1,075         100           0
21:54:25 1200  400    0 60,69  60,69  1,075         100           0
21:54:27 1200  400    0 60,15  60,69  1,076          22           0
21:54:29 1200  400    0 60,15  60,69  1,074          22           0
21:54:31 1200  400    0 60,15  60,69  1,109         100           0
21:54:33 1200  400    0 60,15  60,69  1,088         100           0
21:54:35 1200  400    0 60,69  60,69  1,067         100           0
21:54:37 1200  400    0 60,15  60,69  1,080          22           0
21:54:39 1200  400    0 60,15  60,69  1,072          22           0
21:54:41 1200  400    0 60,69  60,69  1,102         100           0
21:54:43 1200  400    0 60,15  60,69  1,077         100           0
21:54:46 1200  400    0 60,69  60,69  1,087         100           0
21:54:48 1200  400    0 60,15  60,69  1,097          22           0
21:54:50 1200  400    0 60,15  60,69  1,072          22           0
21:54:52 1200  400    0 60,69  60,69  1,101         100           0
21:54:54 1200  400    0 60,69  60,69  1,145         100           0
21:54:56 1200  400    0 60,69  60,69  1,252         100           0
21:54:58 1200  400    0 60,15  60,69  1,099          22           0
21:55:00 1200  400    0 60,15  60,69  1,076          22           0
21:55:02 1200  400    0 60,15  60,69  1,081         178           0
21:55:04 1200  400    0 60,15  60,69  1,078         100           0
21:55:06 1200  400    0 61,76  61,76  1,077          22           0
21:55:08 1200  400    0 60,69  61,76  1,126          22           0
21:55:10 1200  400    0 60,69  61,76  1,076          22           0
21:55:12 1200  400    0 61,22  61,76  1,092         178           0
21:55:14 1200  400    0 61,22  61,76  1,074         100           0
21:55:16 1200  400    0 61,22  61,76  1,078          22           0
21:55:18 1200  400    0 61,22  61,76  1,084          22           0
21:55:20 1200  400    0 61,22  61,76  1,072          22           0
21:55:22 1200  400    0 61,22  61,76  1,086         178           0
21:55:24 1200  400    0 61,22  61,76  1,077         100           0
21:55:26 1200  400    0 61,22  61,76  1,076          22           0
21:55:28 1200  400    0 61,22  61,76  1,074          22           0
21:55:30 1200  400    0 61,22  61,76  1,061          22           0
21:55:32 1200  400    0 61,22  61,76  1,096         179           0
21:55:34 1200  400    0 61,76  61,76  1,104         100           0
21:55:36 1200  400    0 61,22  61,76  1,084          22           0
21:55:38 1200  400    0 62,30  62,30  1,093          22           0
21:55:41 1200  400    0 61,76  62,30  1,092          22           0
21:55:43 1200  400    0 61,76  62,30  1,170         178           0
21:55:45 1200  400    0 61,76  62,30  1,104         100           0
21:55:47 1200  400    0 61,76  62,30  1,086          22           0
21:55:49 1200  400    0 61,76  62,30  1,100          22           0
21:55:51 1200  400    0 62,30  62,30  1,090         123           0
21:55:53 1200  400    0 62,30  62,30  1,106         100           0
21:55:55 1200  400    0 61,22  62,30  1,361         100           0
21:55:57 1200  400    0 61,76  62,30  1,108          22           0
21:55:59 1200  400    0 61,22  62,30  1,089          22           0
21:56:01 1200  400    0 61,22  62,30  1,096         100           0
21:56:03 1200  400    0 62,30  62,30  1,099         100           0
21:56:05 1200  400    0 61,22  62,30  1,094         100           0
21:56:07 1200  400    0 61,76  62,30  1,102          22           0
21:56:09 1200  400    0 62,30  62,30  1,086          22           0
21:56:11 1200  400    0 61,22  62,30  1,086         100           0
21:56:13 1200  400    0 62,30  62,30  1,108         100           0
21:56:15 1200  400    0 62,30  62,30  1,093         100           0
21:56:17 1200  400    0 61,22  62,30  1,102          22           0
21:56:19 1200  400    0 62,30  62,30  1,101          22           0
21:56:21 1200  400    0 62,30  62,30  1,090         100           0
21:56:23 1200  400    0 61,76  62,30  1,093         100           0
21:56:25 1200  400    0 62,30  62,30  1,089         100           0
21:56:27 1200  400    0 62,30  62,30  1,092          22           0
21:56:29 1200  400    0 62,30  62,30  1,092          22           0
21:56:31 1200  400    0 62,30  62,30  1,092         100           0
21:56:34 1200  400    0 62,30  62,30  1,118         100           0
21:56:36 1200  400    0 62,30  62,30  1,088         100           0
21:56:38 1200  400    0 62,30  62,30  1,094          22           0
21:56:40 1200  400    0 62,30  62,30  1,094          22           0
21:56:42 1200  400    0 62,30  62,30  1,090         100           0
21:56:44 1200  400    0 62,30  62,30  1,099         100           0
21:56:46 1200  400    0 62,30  62,30  1,092         100           0
21:56:48 1200  400    0 62,30  62,30  1,090          22           0
21:56:50 1200  400    0 62,30  62,30  1,099          22           0
21:56:52 1200  400    0 62,30  62,30  1,096         178           0
21:56:54 1200  400    0 62,30  62,30  1,233         100           0
21:56:56 1200  400    0 62,30  62,30  1,200          22           0
21:56:58 1200  400    0 62,30  62,30  1,091          22           0
21:57:00 1200  400    0 62,30  62,30  1,096          22           0
21:57:02 1200  400    0 61,76  62,30  1,093         178           0
21:57:04 1200  400    0 62,30  62,30  1,085          22           0
21:57:06 1200  400    0 62,30  62,30  1,092         100           0
21:57:08 1200  400    0 62,30  62,30  1,085          22           0
21:57:10 1200  400    0 62,30  62,30  1,087          22           0
21:57:12 1200  400    0 62,30  62,30  1,091         178           0
21:57:14 1200  400    0 62,30  62,30  1,125         100           0
21:57:16 1200  400    0 62,30  62,30  1,112          22           0
21:57:18 1200  400    0 62,30  62,30  1,094          22           0
21:57:20 1200  400    0 62,30  62,30  1,090          22           0
21:57:22 1200  400    0 62,30  62,30  1,090         178           0
21:57:24 1200  400    0 62,30  62,30  1,105         100           0
21:57:27 1200  400    0 62,84  62,84  1,109          22           0
21:57:29 1200  400    0 62,30  62,84  1,089          22           0
21:57:31 1200  400    0 62,30  62,84  1,090          22           0
21:57:33 1200  400    0 62,30  62,84  1,094         178           0
21:57:35 1200  400    0 62,84  62,84  1,102         123           0
21:57:37 1200  400    0 62,30  62,84  1,131          22           0
21:57:39 1200  400    0 62,30  62,84  1,092          22           0
21:57:41 1200  400    0 62,84  62,84  1,092         100           0
21:57:43 1200  400    0 62,84  62,84  1,096         100           0
21:57:45 1200  400    0 62,84  62,84  1,091         100           0
21:57:47 1200  400    0 62,84  62,84  1,121          22           0
21:57:49 1200  400    0 62,84  62,84  1,089          22           0
21:57:51 1200  400    0 62,84  62,84  1,092         100           0
21:57:53 1200  400    0 62,30  62,84  1,090         100           0
21:57:55 1200  400    0 62,84  62,84  1,267         100           0
21:57:57 1200  400    0 63,38  63,38  1,121          22           0
21:57:59 1200  400    0 62,84  63,38  1,091          22           0
21:58:01 1200  400    0 63,38  63,38  1,089         100           0
21:58:03 1200  400    0 62,84  63,38  1,091         100           0
21:58:05 1200  400    0 62,30  63,38  1,093         100           0
21:58:07 1200  400    0 62,84  63,38  1,121          22           0
21:58:09 1200  400    0 63,38  63,38  1,089          22           0
21:58:11 1200  400    0 62,84  63,38  1,096         100           0
21:58:13 1200  400    0 62,84  63,38  1,092         100           0
21:58:15 1200  400    0 62,84  63,38  1,210         249         247
21:58:18 1200  400    0 63,38  63,38  1,137          57          46
21:58:20 1200  400    0 62,30  63,38  1,083          22           0
21:58:22 1200  400    0 62,84  63,38  1,088         100           0
21:58:24 1200  400    0 63,38  63,38  1,093         100           0
21:58:26 1200  400    0 62,84  63,38  1,101         100           0
21:58:28 1200  400    0 62,84  63,38  1,094          22           0
21:58:30 1200  400    0 63,38  63,38  1,091          22           0
21:58:32 1200  400    0 63,38  63,38  1,094         100           0
21:58:34 1200  400    0 63,38  63,38  1,102         100           0
21:58:36 1200  400    0 62,84  63,38  1,090         100           0
21:58:38 1200  400    0 63,38  63,38  1,101          22           0
21:58:40 1200  400    0 63,38  63,38  1,097          22           0
21:58:42 1200  400    0 63,38  63,38  1,091         178           0
21:58:44 1200  400    0 62,84  63,38  1,089         100           0
21:58:46 1200  400    0 63,38  63,38  1,093          22           0
21:58:48 1200  400    0 62,30  63,38  1,086          22           0
21:58:50 1200  400    0 62,84  63,38  1,093          22           0
21:58:52 1200  400    0 63,38  63,38  1,092         178           0
21:58:54  600  250    0 62,30  63,38  1,281          22           0
21:58:56  600  250    0 60,69  63,38  1,060          99           0
21:58:58  600  250    0 60,15  63,38    994          22           0
21:59:00  600  250    0 59,07  63,38    998          22           0
21:59:03  600  250    0 59,61  63,38  1,004         176           0
21:59:05  600  250    0 59,07  63,38    999          99           0
21:59:07  600  250    0 58,53  63,38  1,001          22           0
21:59:09  600  250    0 58,53  63,38    988          22           0
21:59:11  600  250    0 58,00  63,38  1,006          44           0
21:59:13  600  250    0 58,00  63,38    991         176           0
21:59:15  600  250    0 58,53  63,38  1,016          99           0
21:59:17  600  250    0 58,00  63,38  1,025          22           0
21:59:19  600  250    0 58,00  63,38  1,000          22           0
21:59:21  600  250    0 58,00  63,38  1,007          99           0
21:59:23  600  250    0 56,92  63,38  1,025          99           0
21:59:25  600  250    0 57,46  63,38  1,011          99           0
21:59:27  600  250    0 57,46  63,38    994          22           0
21:59:29  600  250    0 56,92  63,38  1,001          22           0
21:59:31  600  250    0 56,92  63,38  1,000          99           0
21:59:33  600  250    0 56,92  63,38  1,015          99           0
21:59:35  600  250    0 56,92  63,38  1,025          99           0
21:59:37  600  250    0 56,92  63,38  1,016          22           0
21:59:40  600  250    0 56,92  63,38  1,000          22           0
21:59:42  600  250    0 56,92  63,38    992          99           0
21:59:44  600  250    0 56,38  63,38  1,011          99           0
21:59:46  600  250    0 56,38  63,38  1,002          99           0
21:59:48  600  250    0 55,84  63,38  1,002          22           0
21:59:50  600  250    0 55,84  63,38  1,002          22           0
21:59:52  600  250    0 56,38  63,38  1,006          99           0
21:59:54  600  250    0 55,84  63,38  1,130          99           0
21:59:56  600  250    0 55,84  63,38  1,103          99           0
21:59:58  600  250    0 56,38  63,38  1,018          22           0
22:00:00  600  250    0 56,38  63,38  1,000          22           0
22:00:02  600  250    0 56,38  63,38  1,011         176           0
22:00:04  600  250    0 55,84  63,38  1,004          99           0
22:00:06  600  250    0 55,84  63,38  1,005          22           0
22:00:08  600  250    0 55,84  63,38  1,012          22           0
22:00:10  600  250    0 55,84  63,38    994          22           0
22:00:12  600  300    0 55,84  63,38  1,009         177           0
22:00:15  600  250    0 55,84  63,38    998          99           0
22:00:17  600  250    0 55,84  63,38  1,027          22           0
22:00:19  600  250    0 55,84  63,38  1,002          22           0
22:00:21  600  250    0 55,31  63,38  1,005          44           0
22:00:23  600  250    0 55,31  63,38  1,003         176           0
22:00:25  600  250    0 55,31  63,38  1,002          99           0
22:00:27  600  250    0 55,84  63,38  1,015          22           0
22:00:29  600  250    0 55,31  63,38    996          22           0
22:00:31  600  250    0 54,77  63,38  1,006          99           0
22:00:33  600  250    0 55,84  63,38    998          99           0
22:00:35  600  250    0 55,31  63,38  1,002          99           0
22:00:37  600  250    0 54,77  63,38  1,029          22           0
22:00:39  600  250    0 54,77  63,38  1,001          22           0
22:00:41  600  250    0 54,77  63,38  1,010          99           0
22:00:43  600  250    0 54,77  63,38  1,002         100           0
22:00:45  600  250    0 54,77  63,38  1,015          99           0
22:00:47  600  250    0 54,77  63,38    995          22           0
22:00:50  600  250    0 54,77  63,38  1,003          22           0
22:00:52  600  250    0 54,77  63,38  1,003          99           0
22:00:54  600  250    0 54,77  63,38  1,055          99           0
22:00:56  600  250    0 54,77  63,38  1,149          99           0
22:00:58  600  250    0 54,77  63,38  1,035          22           0
22:01:00  600  250    0 54,23  63,38  1,002          22           0
22:01:02  600  250    0 53,69  63,38  1,019          99           0
22:01:04  600  250    0 54,77  63,38  1,000          99           0
22:01:06  600  250    0 54,77  63,38    992          99           0
22:01:08  600  250    0 54,23  63,38  1,006          22           0
22:01:10  600  250    0 54,77  63,38    995          22           0
22:01:12  600  250    0 54,23  63,38    998          99           0
22:01:14  600  250    0 54,77  63,38  1,001          99           0
22:01:16  600  250    0 54,23  63,38  1,004          99           0
22:01:18  600  250    0 54,77  63,38  1,015          22           0
22:01:20  600  250    0 54,23  63,38  1,013          22           0
22:01:22  600  250    0 54,77  63,38  1,029         176           0
22:01:25  600  250    0 53,69  63,38  1,004          99           0
22:01:27  600  250    0 54,23  63,38    997          22           0
22:01:29  600  300    0 54,77  63,38  1,012          22           0
22:01:31  600  250    0 54,23  63,38    992          44           0
22:01:33  600  250    0 54,77  63,38    995         176           0
22:01:35  600  250    0 54,23  63,38  1,001          99           0
22:01:37  600  250    0 54,23  63,38    999          22           0
22:01:39  600  250    0 54,77  63,38  1,014          22           0
22:01:41  600  250    0 54,23  63,38    995          99           0
22:01:43  600  250    0 54,23  63,38  1,003          99           0
22:01:45  600  250    0 53,69  63,38    997          99           0
22:01:47  600  250    0 53,69  63,38    998          22           0
22:01:49  600  250    0 53,69  63,38    992          22           0
22:01:51  600  250    0 54,23  63,38    998          99           0
22:01:53 1200  400    0 54,23  63,38  1,027         100           0
22:01:55 1200  400    0 58,00  63,38  1,390         100           0
22:01:57 1200  400    0 59,07  63,38  1,196          22           0
22:01:59 1200  400    0 60,15  63,38  1,194          22           0
22:02:02 1200  400    0 60,69  63,38  1,179         100           0
22:02:04 1200  400    0 61,76  63,38  1,182         100           0
22:02:06 1200  400    0 62,30  63,38  1,195         100           0
22:02:08 1200  400    0 61,22  63,38  1,183          22           0
22:02:10 1200  400    0 62,30  63,38  1,176          22           0
22:02:12 1200  400    0 62,84  63,38  1,183         100           0
22:02:14 1200  400    0 63,38  63,38  1,176         100           0
22:02:16 1200  400    0 63,38  63,38  1,172         100           0
22:02:18 1200  400    0 63,91  63,91  1,171          22           0
22:02:20 1200  400    0 63,91  63,91  1,181          22           0
22:02:22 1200  400    0 64,45  64,45  1,194         100           0
22:02:24 1200  400    0 64,45  64,45  1,177         100           0
22:02:26 1200  400    0 64,45  64,45  1,172         100           0
22:02:28 1200  400    0 64,45  64,45  1,177          22           0
22:02:30 1200  400    0 64,99  64,99  1,175          22           0
22:02:32 1200  400    0 64,99  64,99  1,182         178           0
22:02:34 1200  400    0 65,53  65,53  1,174         100           0
22:02:36 1200  400    0 65,53  65,53  1,175          22           0
22:02:38 1200  400    0 65,53  65,53  1,173          22           0
22:02:40 1200  400    0 66,07  66,07  1,193          22           0
22:02:42 1200  400    0 66,60  66,60  1,192         178           0
22:02:44 1200  400    0 66,60  66,60  1,175         100           0
22:02:46 1200  400    0 66,60  66,60  1,166          22           0
22:02:48 1200  400    0 66,60  66,60  1,170          22           0
22:02:50 1200  400    0 66,60  66,60  1,177          22           0
22:02:52 1200  400    0 66,60  66,60  1,174         178           0
22:02:55 1200  400    0 66,60  66,60  1,360         100           0
22:02:57 1200  400    0 65,53  66,60  1,197          22           0
22:02:59 1200  400    0 66,60  66,60  1,181          22           0
22:03:01 1200  400    0 66,60  66,60  1,191          22           0
22:03:03 1200  400    0 66,60  66,60  1,199         179           0
22:03:05 1200  400    0 66,60  66,60  1,175         123           0
22:03:07 1200  400    0 66,60  66,60  1,176          22           0
22:03:09 1200  400    0 66,60  66,60  1,182          22           0
22:03:11 1200  400    0 66,60  66,60  1,179          22           0
22:03:13 1200  400    0 66,60  66,60  1,185         178           0
22:03:15 1200  400    0 67,14  67,14  1,177         100           0
22:03:17 1200  400    0 66,60  67,14  1,176          22           0
22:03:19 1200  400    0 67,68  67,68  1,177          22           0
22:03:21 1200  400    0 67,68  67,68  1,191          22           0
22:03:23 1200  400    0 67,14  67,68  1,196         178           0
22:03:25 1200  400    0 66,60  67,68  1,184         100           0
22:03:27 1200  400    0 67,68  67,68  1,182          22           0
22:03:29 1200  400    0 67,14  67,68  1,179          22           0
22:03:31 1200  400    0 67,68  67,68  1,180          22           0
22:03:33 1200  400    0 67,68  67,68  1,178         178           0
22:03:35 1200  400    0 67,14  67,68  1,175         100           0
22:03:37 1200  400    0 67,68  67,68  1,177          22           0
22:03:39 1200  400    0 68,22  68,22  1,175          22           0
22:03:41 1200  400    0 67,68  68,22  1,172         100           0
22:03:43 1200  400    0 68,22  68,22  1,196         100           0
22:03:46 1200  400    0 68,22  68,22  1,181         100           0
22:03:48 1200  400    0 67,68  68,22  1,179          22           0
22:03:50 1200  400    0 68,76  68,76  1,179          22           0
22:03:52 1200  400    0 68,76  68,76  1,174         100           0
22:03:54 1200  400    0 68,76  68,76  1,216         100           0
22:03:56 1200  400    0 68,76  68,76  1,287         100           0
22:03:58 1200  400    0 68,76  68,76  1,196          22           0
22:04:00 1200  400    0 68,76  68,76  1,174          22           0
22:04:02 1200  400    0 68,76  68,76  1,185         100           0
22:04:04 1200  400    0 68,76  68,76  1,182         100           0
22:04:06 1200  400    0 68,76  68,76  1,186         100           0
22:04:08 1200  400    0 69,29  69,29  1,179          22           0
22:04:10 1200  400    0 69,29  69,29  1,178          22           0
22:04:12 1200  400    0 69,29  69,29  1,176         100           0
22:04:14 1200  400    0 68,76  69,29  1,181         100           0
22:04:16 1200  400    0 69,29  69,29  1,185         337           0
22:04:18 1200  400    0 68,76  69,29  1,181          22           0
22:04:20 1200  400    0 69,29  69,29  1,177          22           0
22:04:22 1200  400    0 69,29  69,29  1,190         100           0
22:04:24 1200  400    0 69,29  69,29  1,179         100           0
22:04:26 1200  400    0 69,83  69,83  1,180         100           0
22:04:28 1200  400    0 69,83  69,83  1,179          22           0
22:04:30 1200  400    0 69,83  69,83  1,177          22           0
22:04:32 1200  400    0 69,29  69,83  1,183         178           0
22:04:34 1200  400    0 69,83  69,83  1,180         100           0
22:04:36 1200  400    0 70,37  70,37  1,180          22           0
22:04:39 1200  400    0 69,83  70,37  1,168          22           0
22:04:41 1200  400    0 69,83  70,37  1,177          22           0
22:04:43 1200  400    0 69,29  70,37  1,190         178           0
22:04:45 1200  400    0 68,76  70,37  1,180         100           0
22:04:47 1200  400    0 67,68  70,37  1,178          22           0
22:04:49 1200  400    0 67,68  70,37  1,179          45           0
22:04:51 1200  400    0 66,60  70,37  1,179          22           0
22:04:53 1200  400    0 66,60  70,37  1,182         178           0
22:04:55 1200  400    0 65,53  70,37  1,349         100           0
22:04:57 1200  400    0 65,53  70,37  1,179          22           0
22:04:59 1200  400    0 64,99  70,37  1,176          22           0
22:05:01 1200  400    0 63,38  70,37  1,184          22           0
22:05:03 1200  400    0 63,91  70,37  1,196         728           0
22:05:05 1200  400    0 62,84  70,37  1,189       1,078           0
22:05:07 1200  400    0 63,38  70,37  1,196         512           0
22:05:09 1200  400    0 62,30  70,37  1,179       1,550           0
22:05:11 1200  400    0 61,76  70,37  1,173         534           0
22:05:13 1200  400    0 61,76  70,37  1,179         178           0
22:05:15 1200  400    0 61,22  70,37  1,180         589           0
22:05:17 1200  400    0 61,22  70,37  1,177          22           0
22:05:19 1200  400    0 60,15  70,37  1,184          22           0
22:05:21 1200  400    0 60,15  70,37  1,177          22           0
22:05:23 1200  400    0 59,07  70,37  1,203         178           0
22:05:25 1200  400    0 59,61  70,37  1,181         100           0
22:05:27 1200  400    0 59,07  70,37  1,176          22           0
22:05:30 1200  400    0 59,07  70,37  1,181          22           0
22:05:32 1200  400    0 59,07  70,37  1,182         100           0
22:05:34 1200  400    0 59,07  70,37  1,182         100           0
22:05:36 1200  400    0 59,07  70,37  1,181         100           0
22:05:38 1200  400    0 59,61  70,37  1,177          22           0
22:05:40 1200  400    0 60,15  70,37  1,181          22           0
22:05:42 1200  400    0 60,15  70,37  1,189         100           0
22:05:44 1200  400    0 60,69  70,37  1,184         100           0
22:05:46 1200  400    0 61,22  70,37  1,174         100           0
22:05:48 1200  400    0 61,76  70,37  1,169          22           0
22:05:50 1200  400    0 61,76  70,37  1,172          22           0
22:05:52 1200  400    0 61,22  70,37  1,173         100           0
22:05:54 1200  400    0 62,30  70,37  1,244         100           0
22:05:56 1200  400    0 62,84  70,37  1,233         100           0
22:05:58 1200  400    0 62,30  70,37  1,196          22           0
22:06:00 1200  400    0 62,84  70,37  1,174         511           0
22:06:02 1200  400    0 63,38  70,37  1,180         100           0
22:06:04 1200  400    0 63,38  70,37  1,191         100           0
22:06:06 1200  400    0 63,38  70,37  1,174         100           0
22:06:08 1200  400    0 63,38  70,37  1,172          22           0
22:06:10 1200  400    0 63,38  70,37  1,170          22           0
22:06:12 1200  400    0 63,38  70,37  1,177         100           0
22:06:14 1200  400    0 64,45  70,37  1,177         100           0
22:06:16 1200  400    0 64,45  70,37  1,217         100           0
22:06:18 1200  400    0 64,45  70,37  1,170          22           0
22:06:20 1200  400    0 64,45  70,37  1,172          22           0
22:06:23 1200  400    0 64,99  70,37  1,176         100           0
22:06:25 1200  400    0 64,45  70,37  1,166         100           0
22:06:27 1200  400    0 64,45  70,37  1,171         100           0
22:06:29 1200  400    0 64,99  70,37  1,173          22           0
22:06:31 1200  400    0 64,99  70,37  1,161          45           0
22:06:33 1200  400    0 65,53  70,37  1,171         178           0
22:06:35 1200  400    0 65,53  70,37  1,181         100           0
22:06:37 1200  400    0 65,53  70,37  1,171          22           0
22:06:39 1200  400    0 66,07  70,37  1,172          22           0
22:06:41 1200  400    0 65,53  70,37  1,170          22           0
22:06:43 1200  400    0 65,53  70,37  1,178         178           0
22:06:45 1200  400    0 65,53  70,37  1,173         100           0
22:06:47 1200  400    0 66,60  70,37  1,185          22           0
22:06:49 1200  400    0 66,60  70,37  1,182          22           0
22:06:51 1200  400    0 66,60  70,37  1,171          22           0
22:06:53 1200  400    0 66,60  70,37  1,176         178           0
22:06:55 1200  400    0 65,53  70,37  1,343         100           0
22:06:57 1200  400    0 65,53  70,37  1,190          22           0
22:06:59 1200  400    0 66,60  70,37  1,182          22           0
22:07:01 1200  400    0 66,60  70,37  1,187          22           0
22:07:03 1200  400    0 66,60  70,37  1,205         178           0
22:07:05 1200  400    0 66,60  70,37  1,179         100           0
22:07:07 1200  400    0 66,60  70,37  1,181          22           0
22:07:09 1200  400    0 66,60  70,37  1,176          22           0
22:07:11 1200  400    0 66,60  70,37  1,187         100           0
22:07:14 1200  400    0 66,60  70,37  1,181         100           0
22:07:16 1200  400    0 66,60  70,37  1,187         100           0
22:07:18 1200  400    0 66,60  70,37  1,179          22           0
22:07:20 1200  400    0 66,60  70,37  1,178          22           0
22:07:22 1200  400    0 67,14  70,37  1,195         100           0
22:07:24 1200  400    0 66,60  70,37  1,187         100           0
22:07:26 1200  400    0 66,60  70,37  1,180         100           0
22:07:28 1200  400    0 66,60  70,37  1,173          22           0
22:07:30 1200  400    0 67,68  70,37  1,178          22           0
22:07:32 1200  400    0 67,14  70,37  1,194         100           0
22:07:34 1200  400    0 67,68  70,37  1,182         100           0
22:07:36 1200  400    0 67,14  70,37  1,182         100           0
22:07:38 1200  400    0 67,68  70,37  1,178          22           0
22:07:40 1200  400    0 67,68  70,37  1,179          22           0
22:07:42 1200  400    0 67,68  70,37  1,192         100           0
22:07:44 1200  400    0 67,68  70,37  1,181         100           0
22:07:46 1200  400    0 67,68  70,37  1,171         100           0
22:07:48 1200  400    0 68,22  70,37  1,192          22           0
22:07:50 1200  400    0 67,68  70,37  1,175          22           0
22:07:52 1200  400    0 67,68  70,37  1,171         100           0
22:07:54 1200  400    0 68,22  70,37  1,303         100           0
22:07:56 1200  400    0 68,76  70,37  1,228         100           0
22:07:58 1200  400    0 68,76  70,37  1,197          22           0
22:08:00 1200  400    0 68,76  70,37  1,210         136         123
22:08:02 1200  400    0 69,29  70,37  1,185         170         169
22:08:05 1200  400    0 68,76  70,37  1,188         100           0
22:08:07 1200  400    0 69,29  70,37  1,176         100           0
22:08:09 1200  400    0 68,76  70,37  1,195          22           0
22:08:11 1200  400    0 68,76  70,37  1,176          22           0
22:08:13 1200  400    0 68,76  70,37  1,177         178           0
22:08:15 1200  400    0 68,76  70,37  1,183         123           0
22:08:17 1200  400    0 68,76  70,37  1,207          22           0
22:08:19 1200  400    0 69,29  70,37  1,180          22           0
22:08:21 1200  400    0 69,29  70,37  1,177          22           0
22:08:23 1200  400    0 69,29  70,37  1,193         178           0
22:08:25 1200  400    0 68,76  70,37  1,193         100           0
22:08:27 1200  400    0 69,29  70,37  1,198          22           0
22:08:29 1200  400    0 69,29  70,37  1,176          22           0
22:08:31 1200  400    0 69,29  70,37  1,176          22           0
22:08:33 1200  400    0 68,76  70,37  1,179         178           0
22:08:35 1200  400    0 69,29  70,37  1,179         100           0
22:08:37 1200  400    0 69,29  70,37  1,173          22           0
22:08:39 1200  400    0 69,83  70,37  1,180          22           0
22:08:41 1200  400    0 69,29  70,37  1,175          22           0
22:08:43 1200  400    0 69,83  70,37  1,194         178           0
22:08:45 1200  400    0 69,29  70,37  1,181         100           0
22:08:47 1200  400    0 68,76  70,37  1,203          22           0
22:08:49 1200  400    0 68,76  70,37  1,177          22           0
22:08:51 1200  400    0 68,76  70,37  1,180          22           0
22:08:53 1200  400    0 67,68  70,37  1,169         178           0
22:08:56  600  250    0 64,99  70,37  1,190          99           0
22:08:58  600  250    0 62,30  70,37  1,029          22           0
22:09:00  600  250    0 60,69  70,37  1,001          22           0
22:09:02  600  250    0 60,15  70,37  1,015          99           0
22:09:04  600  250    0 59,07  70,37  1,015          99           0
22:09:06  600  250    0 58,00  70,37    994          99           0
22:09:08  600  250    0 57,46  70,37  1,035          22           0
22:09:10  600  250    0 56,92  70,37    995          22           0
22:09:12  600  250    0 56,38  70,37    998          99           0
22:09:14  600  250    0 56,38  70,37    992          99           0
22:09:16  600  250    0 56,38  70,37  1,004          99           0
22:09:18  600  250    0 56,38  70,37  1,037          22           0
22:09:20  600  250    0 55,84  70,37    997          22           0
22:09:22  600  250    0 56,38  70,37  1,004          99           0
22:09:24  600  250    0 55,84  70,37  1,008          99           0
22:09:26  600  300    0 55,84  70,37  1,008          99           0
22:09:28  600  250    0 55,84  70,37  1,028          22           0
22:09:31  600  250    0 55,84  70,37  1,000          22           0
22:09:33  600  250    0 54,77  70,37  1,002          99           0
22:09:35  600  250    0 55,84  70,37  1,006          99           0
22:09:37  600  250    0 55,84  70,37  1,026          99           0
22:09:39  600  250    0 55,31  70,37  1,000          44           0
22:09:41  600  250    0 55,84  70,37  1,006          22           0
22:09:43  600  250    0 55,31  70,37  1,009         176           0
22:09:45  600  250    0 54,77  70,37  1,065         584           0
22:09:47  600  250    0 54,77  70,37  1,032          22           0
22:09:49  600  250    0 54,77  70,37  1,004          22           0
22:09:51  600  250    0 55,31  70,37    994          22           0
22:09:53  600  250    0 54,77  70,37  1,002         176           0
22:09:55  600  250    0 54,77  70,37  1,214         122           0
22:09:57  600  250    0 54,77  70,37    988          22           0
22:09:59  600  250    0 54,77  70,37  1,002          22           0
22:10:01  600  250    0 54,77  70,37    990          22           0
22:10:03  600  250    0 54,77  70,37  1,000         176           0
22:10:06  600  250    0 54,77  70,37  1,021          99           0
22:10:08  600  250    0 54,77  70,37  1,001          22           0
22:10:10  600  250    0 54,23  70,37  1,001          22           0
22:10:12  600  250    0 54,77  70,37    997          99           0
22:10:14  600  250    0 54,23  70,37    997          99           0
22:10:16  600  250    0 54,77  70,37  1,008          99           0
22:10:18  600  250    0 54,77  70,37    998         506           0
22:10:20  600  250    0 54,77  70,37  1,000          22           0
22:10:22  600  250    0 54,77  70,37  1,038          99           0
22:10:24  600  250    0 54,77  70,37  1,014          99           0
22:10:26  600  250    0 54,77  70,37    998          99           0
22:10:28  600  250    0 54,23  70,37  1,026          22           0
22:10:30  600  250    0 54,77  70,37    988          22           0
22:10:32  600  250    0 53,69  70,37  1,007          99           0
22:10:34  600  250    0 54,23  70,37    996          99           0
22:10:36  600  250    0 54,23  70,37    992          99           0
22:10:38  600  250    0 54,23  70,37    996          22           0
22:10:41  600  250    0 54,23  70,37    985          22           0
22:10:43  600  250    0 54,77  70,37  1,030          99           0
22:10:45  600  250    0 54,23  70,37  1,021          99           0
22:10:47  600  250    0 54,23  70,37  1,002         121           0
22:10:49  600  250    0 54,23  70,37    983          22           0
22:10:51  600  250    0 54,77  70,37    991          22           0
22:10:53  600  300    0 54,23  70,37  1,007         176           0
22:10:55  600  250    0 53,69  70,37  1,190         121           0
22:10:57  600  250    0 53,69  70,37  1,031          22           0
22:10:59  600  250    0 54,23  70,37    991          22           0
22:11:01  600  250    0 54,23  70,37  1,009          22           0
22:11:03  600  250    0 53,69  70,37  1,015         176           0
22:11:05  600  250    0 53,69  70,37    998          99           0
22:11:07  600  250    0 53,69  70,37  1,003          22           0
22:11:09  600  250    0 53,69  70,37    995          22           0
22:11:11  600  250    0 53,69  70,37    997          22           0
22:11:13  600  250    0 53,69  70,37    997         176           0
22:11:16  600  250    0 53,69  70,37  1,007          99           0
22:11:18  600  250    0 54,23  70,37  1,021          22           0
22:11:20  600  250    0 53,69  70,37    992          22           0
22:11:22  600  250    0 53,69  70,37  1,006         583           0
22:11:24  600  250    0 54,23  70,37  1,021          99           0
22:11:26  600  250    0 54,23  70,37    995          99           0
22:11:28  600  250    0 53,69  70,37  1,002          22           0
22:11:30  600  250    0 54,23  70,37  1,001          22           0
22:11:32  600  250    0 53,69  70,37  1,005          99           0
22:11:34  600  250    0 53,69  70,37  1,006          99           0
22:11:36  600  250    0 53,69  70,37    998          99           0
22:11:38  600  250    0 53,69  70,37    993          44           0
22:11:40  600  250    0 53,69  70,37  1,002          44           0
22:11:42  600  250    0 53,69  70,37  1,104          99           0
22:11:44  600  250    0 54,23  70,37  1,002          99           0
22:11:46  600  250    0 53,69  70,37    994          99           0
22:11:48  600  250    0 53,69  70,37    977          22           0
22:11:51  600  250    0 53,69  70,37    982          22           0
22:11:53  600  250    0 53,69  70,37  1,015          99           0
22:11:55 1200  400    0 56,92  70,37  1,389         122           0
22:11:57 1200  400    0 59,07  70,37  1,240         100           0
22:11:59 1200  400    0 61,22  70,37  1,241          45           0
22:12:01 1200  400    0 62,30  70,37  1,246          22           0
22:12:03 1200  400    0 63,38  70,37  1,267         100           0
22:12:05 1200  400    0 63,38  70,37  1,254         100           0
22:12:07 1200  400    0 64,45  70,37  1,259         100           0
22:12:09 1200  400    0 64,45  70,37  1,251          22           0
22:12:11 1200  400    0 65,53  70,37  1,253          22           0
22:12:13 1200  400    0 65,53  70,37  1,253         178           0
22:12:15 1200  400    0 66,60  70,37  1,257         100           0
22:12:17 1200  400    0 65,53  70,37  1,252          22           0
22:12:19 1200  400    0 66,60  70,37  1,253          22           0
22:12:21 1200  400    0 66,60  70,37  1,251          22           0
22:12:23 1200  400    0 67,68  70,37  1,271         178           0
22:12:25 1200  400    0 67,68  70,37  1,252         100           0
22:12:27 1200  400    0 68,76  70,37  1,250          22           0
22:12:29 1200  400    0 68,76  70,37  1,253          22           0
22:12:31 1200  400    0 68,76  70,37  1,251          22           0
22:12:33 1200  400    0 68,76  70,37  1,256         178           0
22:12:35 1200  400    0 69,83  70,37  1,257         100           0
22:12:38 1200  400    0 69,83  70,37  1,275         171         246
22:12:40 1200  400    0 69,83  70,37  1,252          57          46
22:12:42 1200  400    0 69,83  70,37  1,252          22           0
22:12:44 1200  400    0 70,91  70,91  1,268         179           0
22:12:46 1200  400    0 69,83  70,91  1,262         100           0
22:12:48 1200  400    0 70,37  70,91  1,269          22           0
22:12:50 1200  400    0 69,83  70,91  1,250          22           0
22:12:52 1200  400    0 69,83  70,91  1,256         100           0
22:12:54 1200  400    0 69,29  70,91  1,336         100           0
22:12:56 1200  400    0 68,76  70,91  1,370         122           0
22:12:58 1200  400    0 68,76  70,91  1,256          22           0
22:13:00 1200  400    0 67,68  70,91  1,252          22           0
22:13:02 1200  400    0 67,14  70,91  1,252         100           0
22:13:04 1200  400    0 66,60  70,91  1,267         100           0
22:13:06 1200  400    0 66,60  70,91  1,253         100           0
22:13:08 1200  400    0 65,53  70,91  1,232          22           0
22:13:10 1200  400    0 64,45  70,91  1,235          22           0
22:13:12 1200  400    0 64,99  70,91  1,243         100           0
22:13:14 1200  400    0 64,99  70,91  1,243         100           0
22:13:16 1200  400    0 64,45  70,91  1,241         100           0
22:13:18 1200  400    0 64,45  70,91  1,248          22           0
22:13:20 1200  400    0 63,38  70,91  1,237          22           0
22:13:22 1200  400    0 63,38  70,91  1,241         100           0
22:13:24 1200  400    0 63,38  70,91  1,255         123           0
22:13:26 1200  400    0 62,30  70,91  1,238         100           0
22:13:29 1200  400    0 62,30  70,91  1,239          22           0
22:13:31 1200  400    0 62,30  70,91  1,241          22           0
22:13:33 1200  400    0 62,30  70,91  1,239         100           0
22:13:35 1200  400    0 62,30  70,91  1,240         100           0
22:13:37 1200  400    0 61,22  70,91  1,240         100           0
22:13:39 1200  400    0 61,22  70,91  1,241          45           0
22:13:41 1200  400    0 61,22  70,91  1,236          22           0
22:13:43 1200  400    0 61,22  70,91  1,256         100           0
22:13:45 1200  400    0 60,69  70,91  1,240         100           0
22:13:47 1200  400    0 60,69  70,91  1,238         100           0
22:13:49 1200  400    0 61,22  70,91  1,247          22           0
22:13:51 1200  400    0 61,22  70,91  1,253          22           0
22:13:53 1200  400    0 61,22  70,91  1,256         178           0
22:13:55 1200  400    0 60,15  70,91  1,421          45           0
22:13:57 1200  400    0 60,15  70,91  1,270         100           0
22:13:59 1200  400    0 60,15  70,91  1,244          22           0
22:14:01 1200  400    0 59,61  70,91  1,246          22           0
22:14:03 1200  400    0 60,69  70,91  1,264         100           0
22:14:05 1200  400    0 60,69  70,91  1,260         100           0
22:14:07 1200  400    0 60,69  70,91  1,254         100           0
22:14:09 1200  400    0 61,22  70,91  1,256          22           0
22:14:11 1200  400    0 61,76  70,91  1,253          22           0
22:14:13 1200  400    0 62,30  70,91  1,256         178           0
22:14:15 1200  400    0 62,30  70,91  1,258         100           0
22:14:17 1200  400    0 63,38  70,91  1,253          22           0
22:14:20 1200  400    0 62,30  70,91  1,250          22           0
22:14:22 1200  400    0 63,38  70,91  1,254          22           0
22:14:24 1200  400    0 63,38  70,91  1,267         179           0
22:14:26 1200  400    0 63,38  70,91  1,249         100           0
22:14:28 1200  400    0 64,99  70,91  1,262          22           0
22:14:30 1200  400    0 64,45  70,91  1,251          22           0
22:14:32 1200  400    0 64,45  70,91  1,251          22           0
22:14:34 1200  400    0 64,99  70,91  1,253         178           0
22:14:36 1200  400    0 65,53  70,91  1,252         100           0
22:14:38 1200  400    0 65,53  70,91  1,250          22           0
22:14:40 1200  400    0 66,07  70,91  1,251          22           0
22:14:42 1200  400    0 66,07  70,91  1,253          22           0
22:14:44 1200  400    0 66,60  70,91  1,267         178           0
22:14:46 1200  400    0 66,60  70,91  1,256         100           0
22:14:48 1200  400    0 67,14  70,91  1,251          22           0
22:14:50 1200  400    0 67,14  70,91  1,252          22           0
22:14:52 1200  400    0 67,14  70,91  1,256         100           0
22:14:54 1200  400    0 67,68  70,91  1,363         100           0
22:14:56 1200  400    0 67,68  70,91  1,291         122           0
22:14:58 1200  400    0 67,68  70,91  1,251          22           0
22:15:00 1200  400    0 67,68  70,91  1,250          22           0
22:15:02 1200  400    0 68,76  70,91  1,251         100           0
22:15:04 1200  400    0 67,68  70,91  1,268         100           0
22:15:06 1200  400    0 68,76  70,91  1,252         100           0
22:15:09 1200  400    0 68,76  70,91  1,252          22           0
22:15:11 1200  400    0 69,29  70,91  1,256          22           0
22:15:13 1200  400    0 69,29  70,91  1,252         100           0
22:15:15 1200  400    0 69,83  70,91  1,258         100           0
22:15:17 1200  400    0 69,83  70,91  1,254         100           0
22:15:19 1200  400    0 70,37  70,91  1,252          45           0
22:15:21 1200  400    0 69,83  70,91  1,251          22           0
22:15:23 1200  400    0 70,37  70,91  1,252         100           0
22:15:25 1200  400    0 69,83  70,91  1,262          99           0
22:15:27 1200  400    0 69,29  70,91  1,239         100           0
22:15:29 1200  400    0 68,76  70,91  1,241          22           0
22:15:31 1200  400    0 68,22  70,91  1,238          22           0
22:15:33 1200  400    0 67,68  70,91  1,239         100           0
22:15:35 1200  400    0 67,14  70,91  1,242         100           0
22:15:37 1200  400    0 66,60  70,91  1,240         100           0
22:15:39 1200  400    0 66,07  70,91  1,237          22           0
22:15:41 1200  400    0 66,07  70,91  1,238          22           0
22:15:43 1200  400    0 65,53  70,91  1,242         178           0
22:15:45 1200  400    0 65,53  70,91  1,245         100           0
22:15:47 1200  400    0 64,45  70,91  1,241          22           0
22:15:49 1200  400    0 64,45  70,91  1,238          22           0
22:15:51 1200  400    0 63,91  70,91  1,238          22           0
22:15:53 1200  400    0 63,38  70,91  1,244         179           0
22:15:55 1200  400    0 63,91  70,91  1,389          45           0
22:15:57 1200  400    0 63,38  70,91  1,249         100           0
22:16:00 1200  400    0 63,38  70,91  1,257          22           0
22:16:02 1200  400    0 62,84  70,91  1,249          22           0
22:16:04 1200  400    0 62,30  70,91  1,262         178           0
22:16:06 1200  400    0 62,30  70,91  1,255          22           0
22:16:08 1200  400    0 62,30  70,91  1,255         100           0
22:16:10 1200  400    0 62,30  70,91  1,248          22           0
22:16:12 1200  400    0 62,30  70,91  1,251          22           0
22:16:14 1200  400    0 62,30  70,91  1,257         178           0
22:16:16 1200  400    0 61,22  70,91  1,257         337           0
22:16:18 1200  400    0 61,22  70,91  1,249          22           0
22:16:20 1200  400    0 61,22  70,91  1,255          22           0
22:16:22 1200  400    0 61,22  70,91  1,250          22           0
22:16:24 1200  400    0 61,22  70,91  1,262         178           0
22:16:26 1200  400    0 60,15  70,91  1,238         100           0
22:16:28 1200  400    0 60,15  70,91  1,243          22           0
22:16:30 1200  400    0 60,15  70,91  1,239          22           0
22:16:32 1200  400    0 60,15  70,91  1,237         100           0
22:16:34 1200  400    0 60,15  70,91  1,238         100           0
22:16:36 1200  400    0 60,15  70,91  1,243         100           0
22:16:38 1200  400    0 60,69  70,91  1,237          22           0
22:16:40 1200  400    0 61,22  70,91  1,235          22           0
22:16:42 1200  400    0 61,22  70,91  1,242         100           0
22:16:44 1200  400    0 62,30  70,91  1,243         100           0
22:16:46 1200  400    0 61,76  70,91  1,237         100           0
22:16:49 1200  400    0 62,30  70,91  1,243          22           0
22:16:51 1200  400    0 62,30  70,91  1,238          22           0
22:16:53 1200  400    0 63,38  70,91  1,238         100           0
22:16:55 1200  400    0 63,38  70,91  1,420          99           0
22:16:57 1200  400    0 64,45  70,91  1,248         100           0
22:16:59 1200  400    0 64,45  70,91  1,258          45           0
22:17:01 1200  400    0 64,99  70,91  1,252          22           0
22:17:03 1200  400    0 64,99  70,91  1,254         100           0
22:17:05 1200  400    0 65,53  70,91  1,257         100           0
22:17:07 1200  400    0 65,53  70,91  1,247         100           0
22:17:09 1200  400    0 66,07  70,91  1,237          22           0
22:17:11 1200  400    0 65,53  70,91  1,239          22           0
22:17:13 1200  400    0 66,07  70,91  1,244         100           0
22:17:15 1200  400    0 66,60  70,91  1,255         100           0
22:17:17 1200  400    0 66,60  70,91  1,240         100           0
22:17:19 1200  400    0 66,60  70,91  1,246          22           0
22:17:21 1200  400    0 66,60  70,91  1,240          22           0
22:17:23 1200  400    0 67,14  70,91  1,239         179           0
22:17:25 1200  400    0 66,60  70,91  1,260          22           0
22:17:27 1200  400    0 67,68  70,91  1,241         100           0
22:17:29 1200  400    0 68,22  70,91  1,239          22           0
22:17:31 1200  400    0 67,68  70,91  1,239          22           0
22:17:33 1200  400    0 68,22  70,91  1,243         178           0
22:17:35 1200  400    0 68,22  70,91  1,244          22           0
22:17:38 1200  400    0 68,76  70,91  1,240         100           0
22:17:40 1200  400    0 69,83  70,91  1,240          22           0
22:17:42 1200  400    0 69,83  70,91  1,240          22           0
22:17:44 1200  400    0 69,29  70,91  1,246         178           0
22:17:46 1200  400    0 69,83  70,91  1,256          22           0
22:17:48 1200  400    0 69,83  70,91  1,292         249         246
22:17:50 1200  400    0 69,83  70,91  1,243          57          46
22:17:52 1200  400    0 69,83  70,91  1,244          22           0
22:17:54 1200  400    0 69,83  70,91  1,292         178           0
22:17:56 1200  400    0 69,83  70,91  1,338         100           0
22:17:58 1200  400    0 69,83  70,91  1,240          22           0
22:18:00 1200  400    0 68,76  70,91  1,244          22           0
22:18:02 1200  400    0 68,76  70,91  1,241          22           0
22:18:04 1200  400    0 67,68  70,91  1,248         178           0
22:18:06 1200  400    0 67,14  70,91  1,249         100           0
22:18:08 1200  400    0 67,14  70,91  1,265          22           0
22:18:10 1200  400    0 66,60  70,91  1,239          22           0
22:18:12 1200  400    0 66,07  70,91  1,240         100           0
22:18:14 1200  400    0 65,53  70,91  1,244         100           0
22:18:16 1200  400    0 65,53  70,91  1,252          99           0
22:18:18 1200  400    0 65,53  70,91  1,234          22           0
22:18:20 1200  400    0 64,45  70,91  1,237          22           0
22:18:22 1200  400    0 64,99  70,91  1,253         100           0
22:18:24 1200  400    0 64,45  70,91  1,230         100           0
22:18:27 1200  400    0 64,45  70,91  1,248         100           0
22:18:29 1200  400    0 64,45  70,91  1,242          22           0
22:18:31 1200  400    0 63,38  70,91  1,234          22           0
22:18:33 1200  400    0 63,38  70,91  1,235         100           0
22:18:35 1200  400    0 63,38  70,91  1,228         100           0
22:18:37 1200  400    0 62,30  70,91  1,233         123           0
22:18:39 1200  400    0 62,30  70,91  1,234          22           0
22:18:41 1200  400    0 62,30  70,91  1,237          45           0
22:18:43 1200  400    0 62,30  70,91  1,240         123           0
22:18:45 1200  400    0 62,30  70,91  1,245         100           0
22:18:47 1200  400    0 61,76  70,91  1,244         100           0
22:18:49 1200  400    0 61,22  70,91  1,243          22           0
22:18:51 1200  400    0 61,76  70,91  1,240          22           0
22:18:53 1200  400    0 61,76  70,91  1,229         100           0
22:18:55  600  250    0 56,92  70,91  1,162          99           0
22:18:57  600  250    0 53,69  70,91    983          99           0
22:18:59  600  250    0 52,62  70,91    985          22           0
22:19:01  600  250    0 52,62  70,91    986          22           0
22:19:03  600  250    0 51,54  70,91    994         176           0
22:19:05  600  250    0 51,00  70,91    982          99           0
22:19:07  600  250    0 51,54  70,91  1,026          22           0
22:19:10  600  250    0 50,46  70,91    986          22           0
22:19:12  600  250    0 51,54  70,91    984          22           0
22:19:14  600  250    0 50,46  70,91    985         176           0
22:19:16  600  250    0 50,46  70,91    998          22           0
22:19:18  600  250    0 49,93  70,91    993          99           0
22:19:20  600  250    0 49,93  70,91    989          22           0
22:19:22  600  250    0 50,46  70,91    980          22           0
22:19:24  600  250    0 49,93  70,91    989         176           0
22:19:26  600  250    0 49,93  70,91    974          99           0
22:19:28  600  250    0 50,46  70,91  1,021          22           0
22:19:30  600  250    0 50,46  70,91    987          22           0
22:19:32  600  250    0 49,93  70,91    974          22           0
22:19:34  600  250    0 50,46  70,91    986         176           0
22:19:36  600  250    0 49,39  70,91    977          99           0
22:19:38  600  250    0 50,46  70,91    983          22           0
22:19:40  600  250    0 50,46  70,91    983          22           0
22:19:42  600  250    0 49,93  70,91    993          99           0
22:19:45  600  250    0 49,39  70,91    983          99           0
22:19:47  600  250    0 49,39  70,91    993          99           0
22:19:49  600  250    0 50,46  70,91  1,016          22           0
22:19:51  600  250    0 49,39  70,91    984          44           0
22:19:53  600  300    0 49,39  70,91    983          99           0
22:19:55  600  250    0 50,46  70,91  1,235          99           0
22:19:57  600  250    0 50,46  70,91    999          99           0
22:19:59  600  250    0 49,39  70,91  1,001          22           0
22:20:01  600  250    0 50,46  70,91    998          22           0
22:20:03  600  250    0 50,46  70,91    989         121           0
22:20:05  600  250    0 49,39  70,91    977          99           0
22:20:07  600  250    0 49,93  70,91  1,030          99           0
22:20:09  600  250    0 50,46  70,91    970          22           0
22:20:11  600  250    0 49,93  70,91    983          22           0
22:20:13  600  250    0 50,46  70,91    975         176           0
22:20:15  600  250    0 49,93  70,91    995          99           0
22:20:17  600  250    0 49,93  70,91    987          22           0
22:20:20  600  250    0 50,46  70,91    977          22           0
22:20:22  600  300    0 49,93  70,91    991          22           0
22:20:24  600  250    0 49,93  70,91    981         176           0
22:20:26  600  250    0 50,46  70,91    997          99           0
22:20:28  600  250    0 49,93  70,91  1,035          22           0
22:20:30  600  250    0 49,39  70,91    982          22           0
22:20:32  600  250    0 50,46  70,91    988          22           0
22:20:34  600  250    0 50,46  70,91    986         176           0
22:20:36  600  250    0 50,46  70,91    984          99           0
22:20:38  600  250    0 50,46  70,91    984          22           0
22:20:40  600  250    0 50,46  70,91    993          22           0
22:20:42  600  250    0 49,93  70,91  1,077          22           0
22:20:44  600  250    0 50,46  70,91  1,017         176           0
22:20:46  600  250    0 50,46  70,91    989          99           0
22:20:48  600  250    0 50,46  70,91  1,027          22           0
22:20:50  600  250    0 50,46  70,91    984          22           0
22:20:52  600  250    0 50,46  70,91    992          99           0
22:20:55  600  250    0 50,46  70,91  1,258          99           0
22:20:57  600  250    0 50,46  70,91    987          99           0
22:20:59  600  250    0 50,46  70,91    989          22           0
22:21:01  600  250    0 50,46  70,91    993          44           0
22:21:03  600  250    0 50,46  70,91    978         121           0
22:21:05  600  250    0 50,46  70,91    992          99           0
22:21:07  600  250    0 50,46  70,91    996          99           0
22:21:09  600  250    0 50,46  70,91  1,000          22           0
22:21:11  600  250    0 50,46  70,91    993          22           0
22:21:13  600  250    0 50,46  70,91    987          99           0
22:21:15  600  250    0 50,46  70,91    991          99           0
22:21:17  600  250    0 50,46  70,91    978          99           0
22:21:19  600  250    0 50,46  70,91    980          22           0
22:21:21  600  250    0 50,46  70,91    985          22           0
22:21:23  600  250    0 50,46  70,91    990          99           0
22:21:25  600  250    0 50,46  70,91    978          99           0
22:21:27  600  250    0 50,46  70,91  1,023          99           0
22:21:30  600  250    0 51,00  70,91    987          22           0
22:21:32  600  250    0 50,46  70,91    981          22           0
22:21:34  600  250    0 50,46  70,91    995         177           0
22:21:36  600  250    0 50,46  70,91    981          99           0
22:21:38  600  250    0 50,46  70,91    985          22           0
22:21:40  600  250    0 50,46  70,91    975          22           0
22:21:42  600  250    0 50,46  70,91    978          22           0
22:21:44  600  250    0 50,46  70,91    990         176           0
22:21:46  600  250    0 50,46  70,91    985          99           0
22:21:48  600  250    0 51,54  70,91  1,029          22           0
22:21:50  600  250    0 50,46  70,91    979          22           0
22:21:52  600  250    0 50,46  70,91    988          22           0
22:21:55 1200  400    0 54,23  70,91  1,349         123           0
22:21:59 1200  400    0 59,61  70,91  1,303          73           0
22:22:02 1200  400    0 62,30  70,91  1,342          28           0
22:22:05 1200  400    0 64,45  70,91  1,321         123           0
22:22:09 1200  400    0 64,99  70,91  1,326          76           0
22:22:12 1200  400    0 66,07  70,91  1,315          13           0
22:22:15 1200  400    0 66,60  70,91  1,325         169           0
22:22:19 1200  400    0 67,68  70,91  1,312          14           0
22:22:22 1200  400    0 68,76  70,91  1,318          28           0
22:22:25 1200  400    0 69,29  70,91  1,314         124           0
22:22:29 1200  400    0 69,83  70,91  1,325          62           0
22:22:32 1200  400    0 70,91  70,91  1,310          28           0
22:22:35 1200  400    0 70,91  70,91  1,318         125           0
22:22:38 1200  400    0 69,83  70,91  1,316          62           0
22:22:42 1200  400    0 69,83  70,91  1,312          27           0
22:22:45 1200  400    0 69,83  70,91  1,316         124           0
22:22:48 1200  400    0 69,29  70,91  1,323          62           0
22:22:52 1200  400    0 68,76  70,91  1,340          27           0
22:22:55 1200  400    0 68,76  70,91  1,412         124           0
22:22:58 1200  400    0 67,68  70,91  1,313          62           0
22:23:01 1200  400    0 67,68  70,91  1,315          28           0
22:23:05 1200  400    0 67,68  70,91  1,314         124           0
22:23:08 1200  400    0 67,14  70,91  1,333          62           0
22:23:11 1200  400    0 67,14  70,91  1,309          27           0
22:23:15 1200  400    0 66,60  70,91  1,320         110           0
22:23:18 1200  400    0 66,60  70,91  1,313          75           0
22:23:21 1200  400    0 66,07  70,91  1,307          28           0
22:23:24 1200  400    0 65,53  70,91  1,318         109           0
22:23:28 1200  400    0 65,53  70,91  1,321          75           0
22:23:31 1200  400    0 65,53  70,91  1,279          27           0
22:23:34 1200  400    0 65,53  70,91  1,346         110           0
22:23:38 1200  400    0 64,45  70,91  1,311          76           0
22:23:41 1200  400    0 64,99  70,91  1,318          27           0
22:23:44 1200  400    0 64,45  70,91  1,314         109           0
22:23:48 1200  400    0 64,45  70,91  1,326          76           0
22:23:51 1200  400    0 63,91  70,91  1,328         118         150
22:23:54 1200  400    0 63,38  70,91  1,425         128          27
22:23:58 1200  400    0 63,38  70,91  1,321          76           0
22:24:01 1200  400    0 63,38  70,91  1,310          27           0
22:24:04 1200  400    0 63,38  70,91  1,317         109           0
22:24:08 1200  400    0 63,91  70,91  1,329          75           0
22:24:11 1200  400    0 63,38  70,91  1,316          27           0
22:24:14 1200  400    0 63,91  70,91  1,319         109           0
22:24:18 1200  400    0 63,38  70,91  1,312          75           0
22:24:21 1200  400    0 62,84  70,91  1,316          27           0
22:24:24 1200  400    0 63,38  70,91  1,317         102           0
22:24:28 1200  400    0 62,30  70,91  1,320          75           0
22:24:31 1200  400    0 63,38  70,91  1,263          26           0
22:24:35 1200  400    0 62,84  70,91  1,363         107           0
22:24:38 1200  400    0 62,84  70,91  1,309          72           0
22:24:41 1200  400    0 62,30  70,91  1,315          27           0
22:24:45 1200  400    0 63,38  70,91  1,312         110           0
22:24:48 1200  400    0 62,30  70,91  1,326          76           0
22:24:51 1200  400    0 62,30  70,91  1,321          28           0
22:24:55 1200  400    0 62,30  70,91  1,419         109           0
22:24:58 1200  400    0 62,30  70,91  1,317          76           0
22:25:01 1200  400    0 62,30  70,91  1,333          27           0
22:25:04 1200  400    0 62,30  70,91  1,316         110           0
22:25:08 1200  400    0 62,30  70,91  1,328          76           0
22:25:11 1200  400    0 62,30  70,91  1,314          27           0
22:25:14 1200  400    0 62,30  70,91  1,328         111           0
22:25:18 1200  400    0 62,30  70,91  1,312          76           0
22:25:21 1200  400    0 62,30  70,91  1,317          28           0
22:25:24 1200  400    0 62,30  70,91  1,325         111           0
22:25:27 1200  400    0 62,30  70,91  1,318          76           0
22:25:31 1200  400    0 62,30  70,91  1,321          14           0
22:25:34 1200  400    0 62,30  70,91  1,319         124           0
22:25:37 1200  400    0 62,30  70,91  1,318          75           0
22:25:40 1200  400    0 62,30  70,91  1,323          14           0
22:25:44 1200  400    0 62,30  70,91  1,317          76           0
22:25:47 1200  400    0 62,30  70,91  1,314         124           0
22:25:50 1200  400    0 61,76  70,91  1,325          14           0
22:25:54 1200  400    0 62,30  70,91  1,341          76           0
22:25:57 1200  400    0 61,76  70,91  1,382         124           0
22:26:00 1200  400    0 62,30  70,91  1,318          14           0
22:26:03 1200  400    0 62,30  70,91  1,324          76           0
22:26:07 1200  400    0 62,30  70,91  1,319         123           0
22:26:10 1200  400    0 62,30  70,91  1,316          13           0
22:26:13 1200  400    0 61,76  70,91  1,319          76           0
22:26:17 1200  400    0 62,30  70,91  1,317         111           0
22:26:20 1200  400    0 61,76  70,91  1,312          28           0
22:26:23 1200  400    0 61,76  70,91  1,323          76           0
22:26:26 1200  400    0 61,76  70,91  1,318         110           0
22:26:30 1200  400    0 62,30  70,91  1,331          27           0
22:26:33 1200  400    0 61,76  70,91  1,313          76           0
22:26:36 1200  400    0 62,30  70,91  1,317          62           0
22:26:40 1200  400    0 61,22  70,91  1,326          76           0
22:26:43 1200  400    0 61,76  70,91  1,312          76           0
22:26:46 1200  400    0 61,76  70,91  1,320         109           0
22:26:49 1200  400    0 61,76  70,91  1,324          28           0
22:26:53 1200  400    0 62,30  70,91  1,318          28           0
22:26:56 1200  400    0 61,76  70,91  1,411         110           0
22:26:59 1200  400    0 61,76  70,91  1,314          76           0
22:27:03 1200  400    0 61,22  70,91  1,314          13           0
22:27:06 1200  400    0 61,76  70,91  1,314         125           0
22:27:09 1200  400    0 61,22  70,91  1,321          76           0
22:27:12 1200  400    0 61,76  70,91  1,318          13           0
22:27:16 1200  400    0 61,76  70,91  1,321         124           0
22:27:19 1200  400    0 61,22  70,91  1,325          76           0
22:27:22 1200  400    0 61,22  70,91  1,314          14           0
22:27:26 1200  400    0 61,22  70,91  1,317         124           0
22:27:29 1200  400    0 61,22  70,91  1,326          75           0
22:27:32 1200  400    0 61,22  70,91  1,317          13           0
22:27:35 1200  400    0 62,30  70,91  1,317         125           0
22:27:39 1200  400    0 61,22  70,91  1,313          76           0
22:27:42 1200  400    0 61,22  70,91  1,314          13           0
22:27:45 1200  400    0 61,76  70,91  1,315         124           0
22:27:49 1200  400    0 61,22  70,91  1,316          75           0
22:27:52 1200  400    0 61,22  70,91  1,318          13           0
22:27:55 1200  400    0 61,22  70,91  1,404         124           0
22:27:59 1200  400    0 61,22  70,91  1,328          62           0
22:28:02 1200  400    0 61,22  70,91  1,310          28           0
22:28:05 1200  400    0 61,22  70,91  1,320         124           0
22:28:08 1200  400    0 61,22  70,91  1,311          62           0
22:28:12 1200  400    0 61,22  70,91  1,322          28           0
22:28:15 1200  400    0 61,76  70,91  1,319         123           0
22:28:18 1200  400    0 61,22  70,91  1,321         210           0
22:28:22 1200  400    0 61,22  70,91  1,316          28           0
22:28:25 1200  400    0 62,30  70,91  1,315         125           0
22:28:28 1200  400    0 61,22  70,91  1,317          62           0
22:28:31 1200  400    0 61,22  70,91  1,321          27           0
22:28:35 1200  400    0 61,22  70,91  1,322         124           0
22:28:38 1200  400    0 60,69  70,91  1,317          62           0
22:28:41 1200  400    0 62,30  70,91  1,311          28           0
22:28:45 1200  400    0 61,76  70,91  1,318         110           0
22:28:48 1200  400    0 61,22  70,91  1,314          75           0
22:28:51 1200  400    0 61,22  70,91  1,325          27           0
22:28:53 1200  400    0 61,76  70,91  1,335          98           0
22:28:55  600  250    0 55,84  70,91  1,173          99           0
22:28:57  600  250    0 53,69  70,91    982          99           0
22:28:59  600  250    0 51,54  70,91    982          22           0
22:29:01  600  250    0 51,54  70,91    999          22           0
22:29:04  600  250    0 50,46  70,91    983          99           0
22:29:06  600  250    0 49,93  70,91    988          99           0
22:29:08  600  250    0 49,39  70,91    990          99           0
22:29:10  600  250    0 49,39  70,91    982          22           0
22:29:12  600  300    0 48,31  70,91  1,002          22           0
22:29:14  600  250    0 49,39  70,91    972          99           0
22:29:16  600  250    0 48,85  70,91    997          99           0
22:29:18  600  250    0 48,31  70,91    983          99           0
22:29:20  600  250    0 48,31  70,91    982          22           0
22:29:22  600  250    0 48,31  70,91    989          22           0
22:29:24  600  250    0 48,31  70,91    977          99           0
22:29:26  600  250    0 48,31  70,91    991          99           0
22:29:28  600  250    0 48,31  70,91    983          99           0
22:29:30  600  250    0 47,77  70,91    985          22           0
22:29:32  600  250    0 48,31  70,91  1,005          22           0
22:29:34  600  250    0 48,31  70,91  1,027         176           0
22:29:36  600  250    0 48,85  70,91    981          99           0
22:29:39  600  250    0 47,77  70,91    990          22           0
22:29:41  600  250    0 48,31  70,91    990          22           0
22:29:43  600  250    0 48,31  70,91    980          22           0
22:29:45  600  250    0 48,31  70,91    996         199           0
22:29:47  600  250    0 47,77  70,91    980          99           0
22:29:49  600  250    0 48,31  70,91    982          22           0
22:29:51  600  250    0 48,31  70,91    998          22           0
22:29:53  600  250    0 48,31  70,91    990          99           0
22:29:55  600  250    0 47,77  70,91  1,202          99           0
22:29:57  600  250    0 48,31  70,91    977          99           0
22:29:59  600  250    0 48,31  70,91    989          22           0
22:30:01  600  250    0 47,77  70,91    987          22           0
22:30:03  600  250    0 48,31  70,91    981          99           0
22:30:05  600  250    0 48,31  70,91    986          99           0
22:30:07  600  250    0 48,85  70,91    995          99           0
22:30:09  600  250    0 48,31  70,91    976          22           0
22:30:11  600  250    0 48,31  70,91    990          22           0
22:30:14  600  250    0 48,31  70,91    988          99           0
22:30:16  600  250    0 47,77  70,91    996          99           0
22:30:18  600  250    0 48,31  70,91    988          99           0
22:30:20  600  250    0 48,31  70,91    977          22           0
22:30:22  600  250    0 48,31  70,91    983          22           0
22:30:24  600  250    0 48,31  70,91    989          99           0
22:30:26  600  250    0 48,31  70,91    989          99           0
22:30:28  600  250    0 48,31  70,91    985          99           0
22:30:30  600  250    0 48,31  70,91    976          22           0
22:30:32  600  250    0 48,31  70,91    990          22           0
22:30:34  600  250    0 48,31  70,91    982          99           0
22:30:36  600  250    0 48,31  70,91    985          99           0
22:30:38  600  250    0 48,31  70,91    986          99           0
22:30:40  600  250    0 47,77  70,91    985          22           0
22:30:42  600  250    0 48,31  70,91    992          22           0
22:30:44  600  250    0 48,31  70,91    987         177           0
22:30:46  600  250    0 48,31  70,91    994          99           0
22:30:49  600  250    0 48,31  70,91    980          22           0
22:30:51  600  250    0 48,31  70,91    990          22           0
22:30:53  600  250    0 48,31  70,91    982          22           0
22:30:55  600  250    0 48,85  70,91  1,169         176           0
22:30:57  600  250    0 48,31  70,91    991         121           0
22:30:59  600  250    0 48,31  70,91    986          22           0
22:31:01  600  250    0 48,85  70,91    996          22           0
22:31:03  800  300    0 48,85  70,91  1,017         136         123
22:31:05  600  250    0 49,39  70,91    999         246         167
22:31:07  600  250    0 48,31  70,91    981         100           0
22:31:09  600  250    0 48,85  70,91    986          22           0
22:31:11  600  250    0 49,39  70,91  1,000          22           0
22:31:13  600  250    0 48,31  70,91    984          99           0
22:31:15  600  250    0 48,85  70,91    984          99           0
22:31:17  600  250    0 48,85  70,91    987          99           0
22:31:19  600  250    0 49,39  70,91    986          22           0
22:31:21  600  250    0 49,39  70,91    982          22           0
22:31:23  600  250    0 48,31  70,91    984          99           0
22:31:26  600  250    0 49,39  70,91    978          99           0
22:31:28  600  300    0 49,39  70,91    998          99           0
22:31:30  600  250    0 49,39  70,91    975          22           0
22:31:32  600  250    0 49,39  70,91    999          22           0
22:31:34  600  250    0 49,39  70,91    986          99           0
22:31:36  600  250    0 49,39  70,91    981          99           0
22:31:38  600  250    0 49,39  70,91    991          99           0
22:31:40  600  250    0 48,85  70,91    973          22           0
22:31:42  600  250    0 48,31  70,91    987          22           0
22:31:44  600  250    0 49,39  70,91    978          99           0
22:31:46  600  250    0 49,39  70,91    992          99           0
22:31:48  600  250    0 49,39  70,91    972          99           0
22:31:50  600  250    0 49,39  70,91    978          22           0
22:31:52  600  250    0 49,39  70,91  1,003          22           0
