  Config: v0,5,5, args "", priority lowest +19
   Board: 4 x ARMv7 cores available, ondemand governor Pi3 rev 1,2, BCM2837 So with 1GB RAM by Sony UK
  Memory: 1024MB split 948MB ARM, 76MB GPU plus 100MB Swap
HW Block: |   ARM   |  Core  |  H264  |    SDRAM    |
Min Freq: |  600 | 250 |   0 |    450   |
Max Freq: | 1200 | 400 | 300 |    450   |
Voltages: |         0, 1,2813V        | +1, 1,2250V |
   Other: temp_limit=85
Firmware: Jul 17 2020 11:04:27, version 21a15cb094f41c7506ad65d2cb9b29c550693057 clean release start
  Codecs: H264 H263 MPG4 MJPG PCM
  Booted: Thu Sep 1020:22:46 2020
20:23:31 1200  400    0 44,55 44,55  3,345           0           0
20:23:33  600  250    0 44,01 44,55  1,000         152           0
20:23:36  600  250    0 44,01 44,55  1,025          65           0
20:23:38  600  250    0 44,01 44,55  1,091          22           0
20:23:40  600  250    0 43,47 44,55  1,053          22           0
20:23:42 1200  400    0 45,08 45,08  1,269          22           0
20:23:44 1200  400    0 46,16 46,16  1,127          22           0
20:23:46 1200  400    0 46,70 46,70  1,097          22           0
20:23:48 1200  400    0 47,24 47,24  1,094          22           0
20:23:50 1200  400    0 47,77 47,77  1,114          22           0
20:23:52 1200  400    0 47,24 47,77  1,121          22           0
20:23:54 1200  400    0 47,77 47,77  1,093          22           0
20:23:56 1200  400    0 47,77 47,77  1,094          66           0
20:23:58 1200  400    0 48,31 48,31  1,131          22           0
20:24:00 1200  400    0 48,31 48,31  1,112          22           0
20:24:02 1200  400    0 48,31 48,31  1,145          22           0
20:24:04 1200  400    0 49,39 49,39  1,095          22           0
20:24:06 1200  400    0 49,39 49,39  1,154          22           0
20:24:08 1200  400    0 49,39 49,39  1,138          22           0
20:24:10 1200  400    0 49,39 49,39  1,255          22           0
20:24:12 1200  400    0 49,93 49,93  1,114          22           0
20:24:14 1200  400    0 49,39 49,93  1,094          66           0
20:24:16 1200  400    0 49,93 49,93  1,100          22           0
20:24:18 1200  400    0 49,93 49,93  1,089          45           0
20:24:20 1200  400    0 49,93 49,93  1,103          22           0
20:24:23 1200  400    0 49,93 49,93  1,104          22           0
20:24:25 1200  400    0 50,46 50,46  1,090          22           0
20:24:27 1200  400    0 50,46 50,46  1,093          22           0
20:24:29 1200  400    0 51,00 51,00  1,089          22           0
20:24:31 1200  400    0 50,46 51,00  1,101          22           0
20:24:33 1200  400    0 51,00 51,00  1,125          45           0
20:24:35 1200  400    0 51,00 51,00  1,092          66           0
20:24:37 1200  400    0 51,54 51,54  1,092          22           0
20:24:39 1200  400    0 51,54 51,54  1,117          22           0
20:24:41 1200  400    0 51,54 51,54  1,110          22           0
20:24:43 1200  400    0 51,54 51,54  1,112          22           0
20:24:45 1200  400    0 51,54 51,54  1,094          22           0
20:24:47 1200  400    0 51,54 51,54  1,090          22           0
20:24:49 1200  400    0 52,08 52,08  1,103          22           0
20:24:51 1200  400    0 51,54 52,08  1,119          22           0
20:24:53 1200  400    0 51,54 52,08  1,105          22           0
20:24:55 1200  400    0 52,08 52,08  1,094          66           0
20:24:57 1200  400    0 52,08 52,08  1,117          22           0
20:24:59 1200  400    0 52,08 52,08  1,091          22           0
20:25:01 1200  400    0 52,08 52,08  1,137          22           0
20:25:03 1200  400    0 52,62 52,62  1,127          22           0
20:25:05 1200  400    0 52,08 52,62  1,090          22           0
20:25:07 1200  400    0 52,62 52,62  1,090          22           0
20:25:09 1200  400    0 52,08 52,62  1,336          22           0
20:25:11 1200  400    0 53,15 53,15  1,133          22           0
20:25:13 1200  400    0 52,62 53,15  1,125          22           0
20:25:15 1200  400    0 52,62 53,15  1,088          66           0
20:25:18 1200  400    0 53,15 53,15  1,128          22           0
20:25:20 1200  400    0 52,62 53,15  1,093          45           0
20:25:22 1200  400    0 53,15 53,15  1,112          22           0
20:25:24 1200  400    0 53,69 53,69  1,100          22           0
20:25:26 1200  400    0 53,69 53,69  1,095          22           0
20:25:28 1200  400    0 52,62 53,69  1,132         136         200
20:25:30 1200  400    0 53,15 53,69  1,112          93          92
20:25:32 1200  400    0 53,15 53,69  1,109          22           0
20:25:34 1200  400    0 53,15 53,69  1,095          22           0
20:25:36 1200  400    0 52,62 53,69  1,099          66           0
20:25:38 1200  400    0 53,15 53,69  1,097          22           0
20:25:40 1200  400    0 52,62 53,69  1,100          22           0
20:25:42 1200  400    0 53,69 53,69  1,129          22           0
20:25:44 1200  400    0 53,15 53,69  1,090          22           0
20:25:46 1200  400    0 53,15 53,69  1,099          22           0
20:25:48 1200  400    0 53,69 53,69  1,104          22           0
20:25:50 1200  400    0 53,69 53,69  1,108          22           0
20:25:52 1200  400    0 53,69 53,69  1,127          22           0
20:25:54 1200  400    0 53,69 53,69  1,098          22           0
20:25:56 1200  400    0 53,69 53,69  1,092          22           0
20:25:58 1200  400    0 53,69 53,69  1,090          22           0
20:26:00 1200  400    0 53,69 53,69  1,105          22           0
20:26:02 1200  400    0 54,23 54,23  1,127          22           0
20:26:04 1200  400    0 53,69 54,23  1,097          22           0
20:26:06 1200  400    0 54,23 54,23  1,105          22           0
20:26:08 1200  400    0 53,69 54,23  1,190          22           0
20:26:11 1200  400    0 53,69 54,23  1,170          22           0
20:26:13 1200  400    0 53,69 54,23  1,120          22           0
20:26:15 1200  400    0 53,69 54,23  1,091          22           0
20:26:17 1200  400    0 54,23 54,23  1,095          22           0
20:26:19 1200  400    0 54,23 54,23  1,101          22           0
20:26:21 1200  400    0 54,23 54,23  1,088          45           0
20:26:23 1200  400    0 54,77 54,77  1,112          22           0
20:26:25 1200  400    0 54,23 54,77  1,109          22           0
20:26:27 1200  400    0 54,23 54,77  1,135          22           0
20:26:29 1200  400    0 54,77 54,77  1,092          22           0
20:26:31 1200  400    0 53,69 54,77  1,104          22           0
20:26:33 1200  400    0 54,77 54,77  1,104          22           0
20:26:35 1200  400    0 54,77 54,77  1,093          22           0
20:26:37 1200  400    0 54,77 54,77  1,097          22           0
20:26:39 1200  400    0 54,23 54,77  1,094          22           0
20:26:41 1200  400    0 54,77 54,77  1,089          22           0
20:26:43 1200  400    0 54,77 54,77  1,115          22           0
20:26:45 1200  400    0 54,77 54,77  1,093          22           0
20:26:47 1200  400    0 54,23 54,77  1,092          22           0
20:26:49 1200  400    0 54,77 54,77  1,093          22           0
20:26:51 1200  400    0 54,77 54,77  1,096          22           0
20:26:53 1200  400    0 54,77 54,77  1,109          22           0
20:26:55 1200  400    0 54,77 54,77  1,100          22           0
20:26:57 1200  400    0 54,77 54,77  1,093          22           0
20:26:59 1200  400    0 54,77 54,77  1,095          22           0
20:27:01 1200  400    0 54,77 54,77  1,111          22           0
20:27:04 1200  400    0 55,84 55,84  1,119          22           0
20:27:06 1200  400    0 55,31 55,84  1,093          22           0
20:27:08 1200  400    0 54,77 55,84  1,097          22           0
20:27:10 1200  400    0 54,77 55,84  1,283          22           0
20:27:12 1200  400    0 54,77 55,84  1,139          22           0
20:27:14 1200  400    0 55,84 55,84  1,119          22           0
20:27:16 1200  400    0 54,77 55,84  1,098          22           0
20:27:18 1200  400    0 55,84 55,84  1,113          22           0
20:27:20 1200  400    0 55,84 55,84  1,108          22           0
20:27:22 1200  400    0 55,84 55,84  1,099          22           0
20:27:24 1200  400    0 55,84 55,84  1,114          22           0
20:27:26 1200  400    0 55,84 55,84  1,100          22           0
20:27:28 1200  400    0 55,84 55,84  1,100          22           0
20:27:30 1200  400    0 55,84 55,84  1,098          22           0
20:27:32 1200  400    0 55,84 55,84  1,122          22           0
20:27:34 1200  400    0 55,84 55,84  1,093          22           0
20:27:36 1200  400    0 55,84 55,84  1,103          22           0
20:27:38 1200  400    0 56,38 56,38  1,122          22           0
20:27:40 1200  400    0 55,84 56,38  1,096          22           0
20:27:42 1200  400    0 55,84 56,38  1,113          22           0
20:27:44 1200  400    0 55,84 56,38  1,109          22           0
20:27:46 1200  400    0 56,38 56,38  1,102         260           0
20:27:48 1200  400    0 56,38 56,38  1,103          22           0
20:27:50 1200  400    0 55,84 56,38  1,111          22           0
20:27:52 1200  400    0 56,38 56,38  1,112          22           0
20:27:54 1200  400    0 56,38 56,38  1,113          22           0
20:27:57 1200  400    0 55,84 56,38  1,112          22           0
20:27:59 1200  400    0 56,38 56,38  1,108          22           0
20:28:01 1200  400    0 55,84 56,38  1,103          22           0
20:28:03 1200  400    0 56,38 56,38  1,118          22           0
20:28:05 1200  400    0 56,38 56,38  1,097          22           0
20:28:07 1200  400    0 56,38 56,38  1,097          45           0
20:28:09 1200  400    0 55,84 56,38  1,264          22           0
20:28:11 1200  400    0 56,38 56,38  1,089          22           0
20:28:13 1200  400    0 56,38 56,38  1,113          22           0
20:28:15 1200  400    0 56,38 56,38  1,116          22           0
20:28:17 1200  400    0 56,92 56,92  1,098          22           0
20:28:19 1200  400    0 56,92 56,92  1,095          22           0
20:28:21 1200  400    0 56,38 56,92  1,101          22           0
20:28:23 1200  400    0 56,92 56,92  1,115          22           0
20:28:25 1200  400    0 56,38 56,92  1,097          22           0
20:28:27 1200  400    0 56,38 56,92  1,094          22           0
20:28:29 1200  400    0 56,92 56,92  1,101          22           0
20:28:31 1200  400    0 56,92 56,92  1,101          22           0
20:28:33 1200  400    0 56,38 56,92  1,112          22           0
20:28:35 1200  400    0 56,92 56,92  1,094          22           0
20:28:37 1200  400    0 56,92 56,92  1,096          22           0
20:28:39 1200  400    0 56,92 56,92  1,091          22           0
20:28:41 1200  400    0 56,92 56,92  1,096          22           0
20:28:43 1200  400    0 56,92 56,92  1,123          22           0
20:28:45 1200  400    0 56,92 56,92  1,090          22           0
20:28:48 1200  400    0 56,92 56,92  1,094          22           0
20:28:50 1200  400    0 56,92 56,92  1,121          22           0
20:28:52 1200  400    0 56,92 56,92  1,088          22           0
20:28:54 1200  400    0 56,92 56,92  1,107          22           0
20:28:56 1200  400    0 57,46 57,46  1,103          22           0
20:28:58 1200  400    0 56,92 57,46  1,094          22           0
20:29:00 1200  400    0 56,92 57,46  1,093          22           0
20:29:02 1200  400    0 56,92 57,46  1,114          22           0
20:29:04 1200  400    0 56,92 57,46  1,091          22           0
20:29:06 1200  400    0 56,92 57,46  1,103          22           0
20:29:08 1200  400    0 57,46 57,46  1,092          22           0
20:29:10 1200  400    0 56,92 57,46  1,355          22           0
20:29:12 1200  400    0 56,92 57,46  1,100          22           0
20:29:14 1200  400    0 58,00 58,00  1,114          22           0
20:29:16 1200  400    0 56,92 58,00  1,093          22           0
20:29:18 1200  400    0 57,46 58,00  1,098          22           0
20:29:20 1200  400    0 58,00 58,00  1,095          22           0
20:29:22 1200  400    0 58,00 58,00  1,089          22           0
20:29:24 1200  400    0 57,46 58,00  1,113          22           0
20:29:26 1200  400    0 57,46 58,00  1,131          22           0
20:29:28 1200  400    0 57,46 58,00  1,096          22           0
20:29:30 1200  400    0 56,92 58,00  1,098          22           0
20:29:32 1200  400    0 57,46 58,00  1,097          22           0
20:29:34 1200  400    0 58,00 58,00  1,104          22           0
20:29:36 1200  400    0 56,92 58,00  1,100          22           0
20:29:38 1200  400    0 57,46 58,00  1,104          22           0
20:29:41 1200  400    0 57,46 58,00  1,092          22           0
20:29:43 1200  400    0 58,00 58,00  1,098          22           0
20:29:45 1200  400    0 58,00 58,00  1,107          22           0
20:29:47 1200  400    0 58,00 58,00  1,092          22           0
20:29:49 1200  400    0 58,00 58,00  1,098          22           0
20:29:51 1200  400    0 58,00 58,00  1,094          45           0
20:29:53 1200  400    0 58,00 58,00  1,095          22           0
20:29:55 1200  400    0 58,00 58,00  1,105          22           0
20:29:57 1200  400    0 58,00 58,00  1,101          22           0
20:29:59 1200  400    0 58,00 58,00  1,091          22           0
20:30:01 1200  400    0 58,00 58,00  1,118          22           0
20:30:03 1200  400    0 56,92 58,00  1,104          22           0
20:30:05 1200  400    0 57,46 58,00  1,085          22           0
20:30:07 1200  400    0 58,00 58,00  1,109          22           0
20:30:09 1200  400    0 58,00 58,00  1,256          22           0
20:30:11 1200  400    0 58,00 58,00  1,076          22           0
20:30:13 1200  400    0 58,00 58,00  1,085          22           0
20:30:15 1200  400    0 58,00 58,00  1,094          22           0
20:30:17 1200  400    0 58,00 58,00  1,109          22           0
20:30:19 1200  400    0 58,00 58,00  1,082          22           0
20:30:21 1200  400    0 58,00 58,00  1,086          22           0
20:30:23 1200  400    0 58,53 58,53  1,083          22           0
20:30:25 1200  400    0 58,53 58,53  1,078          22           0
20:30:27 1200  400    0 58,00 58,53  1,117          22           0
20:30:29 1200  400    0 58,00 58,53  1,087          22           0
20:30:31 1200  400    0 58,53 58,53  1,083          22           0
20:30:34 1200  400    0 58,53 58,53  1,086          22           0
20:30:36 1200  400    0 58,00 58,53  1,080          22           0
20:30:38 1200  400    0 58,53 58,53  1,115          22           0
20:30:40 1200  400    0 58,00 58,53  1,090          22           0
20:30:42  600  250    0 56,92 58,53  1,048          22           0
20:30:44  600  250    0 55,84 58,53    995          22           0
20:30:46  600  250    0 55,31 58,53  1,000          22           0
20:30:48  600  250    0 54,77 58,53  1,033          22           0
20:30:50  600  250    0 54,77 58,53    995          22           0
20:30:52  600  250    0 54,77 58,53  1,003          22           0
20:30:54  600  250    0 54,23 58,53  1,059         169         244
20:30:56  600  250    0 54,23 58,53    998          57          45
20:30:58  600  250    0 53,69 58,53  1,006          22           0
20:31:00  600  250    0 53,69 58,53    993          22           0
20:31:02  600  250    0 53,69 58,53  1,010          22           0
20:31:04  600  250    0 53,69 58,53  1,000          22           0
20:31:06  600  250    0 53,15 58,53  1,024          22           0
20:31:08  600  250    0 53,15 58,53  1,082          22           0
20:31:11  600  250    0 53,69 58,53  1,064          22           0
20:31:13  600  250    0 53,15 58,53  1,006          22           0
20:31:15  600  250    0 52,62 58,53  1,006          22           0
20:31:17  600  250    0 53,15 58,53  1,005          22           0
20:31:19  600  250    0 53,15 58,53    988          44           0
20:31:21  600  250    0 52,62 58,53    996          22           0
20:31:23  600  250    0 52,08 58,53    999          22           0
20:31:25  600  250    0 52,62 58,53    996          22           0
20:31:27  600  250    0 52,08 58,53  1,029          22           0
20:31:29  600  250    0 52,62 58,53  1,006          22           0
20:31:31  600  250    0 52,08 58,53    990          22           0
20:31:33  600  250    0 51,54 58,53    989          22           0
20:31:35  600  250    0 51,54 58,53    998          22           0
20:31:37  600  250    0 51,54 58,53    995          22           0
20:31:39  600  250    0 52,08 58,53    995          22           0
20:31:41  600  250    0 51,54 58,53    996          22           0
20:31:43  600  250    0 51,54 58,53    997          22           0
20:31:46  600  250    0 51,54 58,53  1,003          22           0
20:31:48  600  250    0 51,54 58,53  1,020          22           0
20:31:50  600  250    0 51,54 58,53    997          22           0
20:31:52  600  250    0 51,54 58,53    993          22           0
20:31:54  600  250    0 51,54 58,53  1,004          22           0
20:31:56  600  250    0 51,54 58,53    990          22           0
20:31:58  600  250    0 51,54 58,53  1,003          22           0
20:32:00  600  250    0 52,08 58,53  1,004          22           0
20:32:02  600  250    0 51,54 58,53  1,002          22           0
20:32:04  600  250    0 50,46 58,53  1,002          22           0
20:32:06  600  250    0 51,54 58,53  1,000          22           0
20:32:08  600  250    0 50,46 58,53  1,027          22           0
20:32:10  600  250    0 51,00 58,53  1,095          22           0
20:32:12  600  250    0 51,00 58,53  1,036          22           0
20:32:14  600  250    0 50,46 58,53    992          22           0
20:32:16  600  250    0 50,46 58,53    994          22           0
20:32:18  600  250    0 51,54 58,53  1,004          22           0
20:32:21  600  250    0 50,46 58,53  1,001          22           0
20:32:23  600  250    0 51,00 58,53  1,004          22           0
20:32:25  600  250    0 51,54 58,53  1,030          22           0
20:32:27  600  250    0 51,00 58,53    994          22           0
20:32:29  600  250    0 50,46 58,53    988          44           0
20:32:31  600  250    0 50,46 58,53    999          22           0
20:32:33  600  250    0 51,00 58,53  1,002          22           0
20:32:35  600  250    0 50,46 58,53    993          22           0
20:32:37  600  250    0 50,46 58,53  1,037          22           0
20:32:39  600  250    0 51,00 58,53    995          22           0
20:32:41  600  250    0 50,46 58,53  1,002          22           0
20:32:43  600  250    0 50,46 58,53    998          22           0
20:32:45  600  250    0 50,46 58,53    994          22           0
20:32:47  600  250    0 50,46 58,53  1,000          22           0
20:32:49  600  250    0 50,46 58,53  1,010          22           0
20:32:51  600  250    0 50,46 58,53  1,003          22           0
20:32:53  600  250    0 50,46 58,53  1,006          22           0
20:32:55  600  250    0 50,46 58,53    997          22           0
20:32:58  600  250    0 50,46 58,53  1,004          22           0
20:33:00  600  250    0 50,46 58,53  1,005          22           0
20:33:02  600  250    0 50,46 58,53  1,055          22           0
20:33:04  600  250    0 50,46 58,53  1,000          22           0
20:33:06  600  250    0 49,93 58,53    996          22           0
20:33:08  600  250    0 50,46 58,53    999          22           0
20:33:10  600  250    0 50,46 58,53  1,200          22           0
20:33:12  600  250    0 50,46 58,53  1,028          22           0
20:33:14  600  250    0 50,46 58,53  1,014          22           0
20:33:16  600  250    0 50,46 58,53    995          22           0
20:33:18  600  250    0 50,46 58,53    997          22           0
20:33:20  600  250    0 50,46 58,53  1,002          22           0
20:33:22  600  250    0 49,93 58,53  1,008          22           0
20:33:24  600  250    0 50,46 58,53  1,050          22           0
20:33:26  600  250    0 50,46 58,53  1,020          22           0
20:33:28  600  250    0 49,93 58,53    995          22           0
20:33:30  600  250    0 49,39 58,53    981          22           0
20:33:33  600  250    0 50,46 58,53  1,002          22           0
20:33:35  600  250    0 49,93 58,53    987          22           0
20:33:37  600  250    0 49,39 58,53    991          22           0
20:33:39  600  250    0 49,93 58,53    995          44           0
20:33:41 1200  400    0 49,93 58,53  1,003          22           0
20:33:43 1200  400    0 53,69 58,53  1,181          22           0
20:33:45 1200  400    0 54,77 58,53  1,171          22           0
20:33:47 1200  400    0 55,84 58,53  1,158          22           0
20:33:49 1200  400    0 56,38 58,53  1,165          22           0
20:33:51 1200  400    0 56,92 58,53  1,166          22           0
20:33:53 1200  400    0 56,92 58,53  1,190          22           0
20:33:55 1200  400    0 58,00 58,53  1,169          22           0
20:33:57 1200  400    0 58,00 58,53  1,165          22           0
20:33:59 1200  400    0 58,53 58,53  1,160          22           0
20:34:01 1200  400    0 58,53 58,53  1,160          22           0
20:34:03 1200  400    0 59,07 59,07  1,185          22           0
20:34:05 1200  400    0 59,61 59,61  1,164          22           0
20:34:07 1200  400    0 59,61 59,61  1,171          22           0
20:34:09 1200  400    0 59,61 59,61  1,319          22           0
20:34:11 1200  400    0 60,15 60,15  1,163          22           0
20:34:13 1200  400    0 60,15 60,15  1,190          22           0
20:34:15 1200  400    0 60,15 60,15  1,160          22           0
20:34:17 1200  400    0 60,15 60,15  1,161          22           0
20:34:20 1200  400    0 60,15 60,15  1,162          22           0
20:34:22 1200  400    0 60,69 60,69  1,158          22           0
20:34:24 1200  400    0 60,15 60,69  1,148          22           0
20:34:26 1200  400    0 60,15 60,69  1,155          22           0
20:34:28 1200  400    0 60,15 60,69  1,156          22           0
20:34:30 1200  400    0 60,69 60,69  1,149          22           0
20:34:32 1200  400    0 60,15 60,69  1,195          22           0
20:34:34 1200  400    0 60,69 60,69  1,149          22           0
20:34:36 1200  400    0 60,69 60,69  1,153          22           0
20:34:38 1200  400    0 61,22 61,22  1,160          22           0
20:34:40 1200  400    0 61,22 61,22  1,153          22           0
20:34:42 1200  400    0 61,22 61,22  1,194          22           0
20:34:44 1200  400    0 61,76 61,76  1,153          22           0
20:34:46 1200  400    0 61,22 61,76  1,160          22           0
20:34:48 1200  400    0 61,22 61,76  1,150          22           0
20:34:50 1200  400    0 61,76 61,76  1,171          22           0
20:34:52 1200  400    0 62,30 62,30  1,193          22           0
20:34:54 1200  400    0 62,30 62,30  1,154          22           0
20:34:56 1200  400    0 62,30 62,30  1,158          22           0
20:34:58 1200  400    0 62,30 62,30  1,153          22           0
20:35:00 1200  400    0 62,30 62,30  1,151          22           0
20:35:02 1200  400    0 62,30 62,30  1,196          22           0
20:35:04 1200  400    0 62,30 62,30  1,151          22           0
20:35:06 1200  400    0 62,30 62,30  1,157          22           0
20:35:08 1200  400    0 62,30 62,30  1,305          22           0
20:35:11 1200  400    0 62,84 62,84  1,250          22           0
20:35:13 1200  400    0 62,30 62,84  1,152          22           0
20:35:15 1200  400    0 62,30 62,84  1,164          22           0
20:35:17 1200  400    0 62,30 62,84  1,149          22           0
20:35:19 1200  400    0 62,84 62,84  1,148          22           0
20:35:21 1200  400    0 62,84 62,84  1,157          45           0
20:35:23 1200  400    0 62,30 62,84  1,151          22           0
20:35:25 1200  400    0 63,38 63,38  1,176          22           0
20:35:27 1200  400    0 63,38 63,38  1,166          22           0
20:35:29 1200  400    0 63,38 63,38  1,150          22           0
20:35:31 1200  400    0 62,84 63,38  1,151          22           0
20:35:33 1200  400    0 63,38 63,38  1,156          22           0
20:35:35 1200  400    0 63,38 63,38  1,164          22           0
20:35:37 1200  400    0 62,84 63,38  1,156          22           0
20:35:39 1200  400    0 63,38 63,38  1,159          22           0
20:35:41 1200  400    0 63,38 63,38  1,155          22           0
20:35:43 1200  400    0 63,38 63,38  1,152          22           0
20:35:45 1200  400    0 63,91 63,91  1,165          22           0
20:35:47 1200  400    0 63,38 63,91  1,147          22           0
20:35:49 1200  400    0 63,38 63,91  1,152          22           0
20:35:51 1200  400    0 63,38 63,91  1,156          22           0
20:35:53 1200  400    0 63,38 63,91  1,154          22           0
20:35:55 1200  400    0 63,91 63,91  1,164          22           0
20:35:57 1200  400    0 63,38 63,91  1,167          22           0
20:35:59 1200  400    0 64,45 64,45  1,151          22           0
20:36:02 1200  400    0 64,45 64,45  1,182          22           0
20:36:04 1200  400    0 64,45 64,45  1,166          22           0
20:36:06 1200  400    0 63,91 64,45  1,163          22           0
20:36:08 1200  400    0 63,91 64,45  1,173          22           0
20:36:10 1200  400    0 64,45 64,45  1,366          22           0
20:36:12 1200  400    0 64,45 64,45  1,151          22           0
20:36:14 1200  400    0 64,45 64,45  1,159          22           0
20:36:16 1200  400    0 64,45 64,45  1,167          22           0
20:36:18 1200  400    0 64,45 64,45  1,184          22           0
20:36:20 1200  400    0 64,45 64,45  1,158          22           0
20:36:22 1200  400    0 64,99 64,99  1,164          22           0
20:36:24 1200  400    0 63,91 64,99  1,159          22           0
20:36:26 1200  400    0 64,99 64,99  1,157          22           0
20:36:28 1200  400    0 64,45 64,99  1,188          22           0
20:36:30 1200  400    0 64,45 64,99  1,158          22           0
20:36:32 1200  400    0 64,45 64,99  1,156          22           0
20:36:34 1200  400    0 64,45 64,99  1,163          22           0
20:36:36 1200  400    0 64,45 64,99  1,183          22           0
20:36:38 1200  400    0 64,45 64,99  1,203         136         200
20:36:40 1200  400    0 64,99 64,99  1,157          93          92
20:36:42 1200  400    0 64,99 64,99  1,158          22           0
20:36:44 1200  400    0 64,45 64,99  1,156          22           0
20:36:46 1200  400    0 64,45 64,99  1,173          22           0
20:36:48 1200  400    0 64,45 64,99  1,180          22           0
20:36:50 1200  400    0 64,99 64,99  1,157          22           0
20:36:53 1200  400    0 64,99 64,99  1,155          22           0
20:36:55 1200  400    0 64,99 64,99  1,153          22           0
20:36:57 1200  400    0 64,99 64,99  1,174          22           0
20:36:59 1200  400    0 64,99 64,99  1,176          22           0
20:37:01 1200  400    0 65,53 65,53  1,159          22           0
20:37:03 1200  400    0 65,53 65,53  1,158          22           0
20:37:05 1200  400    0 65,53 65,53  1,161          45           0
20:37:07 1200  400    0 64,99 65,53  1,162          22           0
20:37:09 1200  400    0 65,53 65,53  1,357          22           0
20:37:11 1200  400    0 64,99 65,53  1,171          22           0
20:37:13 1200  400    0 64,99 65,53  1,156          22           0
20:37:15 1200  400    0 65,53 65,53  1,171          22           0
20:37:17 1200  400    0 65,53 65,53  1,162          22           0
20:37:19 1200  400    0 65,53 65,53  1,169          22           0
20:37:21 1200  400    0 64,99 65,53  1,157          22           0
20:37:23 1200  400    0 64,99 65,53  1,160          22           0
20:37:25 1200  400    0 65,53 65,53  1,162          22           0
20:37:27 1200  400    0 65,53 65,53  1,169          22           0
20:37:29 1200  400    0 65,53 65,53  1,162          22           0
20:37:31 1200  400    0 65,53 65,53  1,157          22           0
20:37:33 1200  400    0 65,53 65,53  1,148          22           0
20:37:35 1200  400    0 66,07 66,07  1,158          22           0
20:37:37 1200  400    0 65,53 66,07  1,159          22           0
20:37:39 1200  400    0 66,60 66,60  1,171          22           0
20:37:41 1200  400    0 65,53 66,60  1,164          22           0
20:37:44 1200  400    0 66,07 66,60  1,162          22           0
20:37:46 1200  400    0 65,53 66,60  1,156          22           0
20:37:48 1200  400    0 66,07 66,60  1,166          22           0
20:37:50 1200  400    0 65,53 66,60  1,184          22           0
20:37:52 1200  400    0 65,53 66,60  1,153          22           0
20:37:54 1200  400    0 65,53 66,60  1,162          22           0
20:37:56 1200  400    0 65,53 66,60  1,164          22           0
20:37:58 1200  400    0 65,53 66,60  1,159          22           0
20:38:00 1200  400    0 65,53 66,60  1,172          22           0
20:38:02 1200  400    0 66,07 66,60  1,161          22           0
20:38:04 1200  400    0 66,07 66,60  1,157          22           0
20:38:06 1200  400    0 65,53 66,60  1,156          22           0
20:38:08 1200  400    0 65,53 66,60  1,207          22           0
20:38:10 1200  400    0 65,53 66,60  1,311          22           0
20:38:12 1200  400    0 66,60 66,60  1,213          22           0
20:38:14 1200  400    0 65,53 66,60  1,161          22           0
20:38:16 1200  400    0 66,60 66,60  1,157          22           0
20:38:18 1200  400    0 66,60 66,60  1,169          22           0
20:38:20 1200  400    0 66,60 66,60  1,168          22           0
20:38:22 1200  400    0 66,60 66,60  1,159          22           0
20:38:24 1200  400    0 66,07 66,60  1,164          22           0
20:38:26 1200  400    0 66,60 66,60  1,174          22           0
20:38:28 1200  400    0 66,07 66,60  1,176          22           0
20:38:30 1200  400    0 66,60 66,60  1,168          22           0
20:38:32 1200  400    0 66,60 66,60  1,184          22           0
20:38:35 1200  400    0 67,14 67,14  1,166          22           0
20:38:37 1200  400    0 66,60 67,14  1,170          22           0
20:38:39 1200  400    0 67,68 67,68  1,164          22           0
20:38:41 1200  400    0 67,14 67,68  1,174          22           0
20:38:43 1200  400    0 67,68 67,68  1,186          22           0
20:38:45 1200  400    0 67,68 67,68  1,165          22           0
20:38:47 1200  400    0 67,14 67,68  1,170          45           0
20:38:49 1200  400    0 67,68 67,68  1,179          22           0
20:38:51 1200  400    0 67,14 67,68  1,155          22           0
20:38:53 1200  400    0 66,60 67,68  1,183          22           0
20:38:55 1200  400    0 66,60 67,68  1,161          22           0
20:38:57 1200  400    0 66,60 67,68  1,177          22           0
20:38:59 1200  400    0 66,60 67,68  1,164          22           0
20:39:01 1200  400    0 66,60 67,68  1,174          22           0
20:39:03 1200  400    0 67,14 67,68  1,174          22           0
20:39:05 1200  400    0 67,68 67,68  1,159          22           0
20:39:07 1200  400    0 67,68 67,68  1,163          22           0
20:39:09 1200  400    0 66,60 67,68  1,338          22           0
20:39:11 1200  400    0 66,60 67,68  1,170          22           0
20:39:13 1200  400    0 66,60 67,68  1,186          22           0
20:39:15 1200  400    0 66,60 67,68  1,158          22           0
20:39:17 1200  400    0 66,60 67,68  1,151          22           0
20:39:19 1200  400    0 66,60 67,68  1,158          22           0
20:39:21 1200  400    0 67,14 67,68  1,161          22           0
20:39:23 1200  400    0 66,60 67,68  1,180          22           0
20:39:25 1200  400    0 67,14 67,68  1,158          22           0
20:39:28 1200  400    0 67,14 67,68  1,162          22           0
20:39:30 1200  400    0 66,60 67,68  1,160          22           0
20:39:32 1200  400    0 67,14 67,68  1,160          22           0
20:39:34 1200  400    0 66,60 67,68  1,170          22           0
20:39:36 1200  400    0 67,14 67,68  1,160          22           0
20:39:38 1200  400    0 66,60 67,68  1,163          22           0
20:39:40 1200  400    0 66,60 67,68  1,172          22           0
20:39:42 1200  400    0 67,14 67,68  1,166          22           0
20:39:44 1200  400    0 67,14 67,68  1,169          22           0
20:39:46 1200  400    0 67,14 67,68  1,164          22           0
20:39:48 1200  400    0 66,60 67,68  1,164          22           0
20:39:50 1200  400    0 67,14 67,68  1,159          22           0
20:39:52 1200  400    0 67,14 67,68  1,180          22           0
20:39:54 1200  400    0 67,68 67,68  1,161          22           0
20:39:56 1200  400    0 67,14 67,68  1,161         259           0
20:39:58 1200  400    0 66,60 67,68  1,182          22           0
20:40:00 1200  400    0 67,14 67,68  1,172          22           0
20:40:02 1200  400    0 67,68 67,68  1,183          22           0
20:40:04 1200  400    0 68,22 68,22  1,177          22           0
20:40:06 1200  400    0 67,68 68,22  1,164          22           0
20:40:08 1200  400    0 67,68 68,22  1,258          22           0
20:40:10 1200  400    0 67,68 68,22  1,234          22           0
20:40:12 1200  400    0 67,68 68,22  1,186          22           0
20:40:14 1200  400    0 67,68 68,22  1,177          22           0
20:40:16 1200  400    0 67,68 68,22  1,164          22           0
20:40:19 1200  400    0 67,68 68,22  1,184          22           0
20:40:21 1200  400    0 67,68 68,22  1,163          22           0
20:40:23 1200  400    0 67,14 68,22  1,157          22           0
20:40:25 1200  400    0 67,14 68,22  1,169          22           0
20:40:27 1200  400    0 67,68 68,22  1,159          22           0
20:40:29 1200  400    0 66,60 68,22  1,182          45           0
20:40:31 1200  400    0 67,68 68,22  1,159          22           0
20:40:33 1200  400    0 67,14 68,22  1,159          22           0
20:40:35 1200  400    0 67,68 68,22  1,172          22           0
20:40:37 1200  400    0 67,68 68,22  1,165          22           0
20:40:39 1200  400    0 67,14 68,22  1,174          22           0
20:40:41 1200  400    0 67,68 68,22  1,155          22           0
20:40:43  600  250    0 64,99 68,22    991          22           0
20:40:45  600  250    0 62,84 68,22    982          22           0
20:40:47  600  250    0 62,30 68,22  1,007          22           0
20:40:49  600  250    0 61,22 68,22    996          22           0
20:40:51  600  250    0 61,22 68,22    980          22           0
20:40:53  600  250    0 60,69 68,22  1,016          22           0
20:40:55  600  250    0 60,69 68,22    983          22           0
20:40:57  600  250    0 60,15 68,22  1,007          22           0
20:40:59  600  250    0 60,15 68,22    983          22           0
20:41:02  600  250    0 59,07 68,22    985          22           0
20:41:04  600  250    0 58,53 68,22    989          22           0
20:41:06  600  250    0 59,07 68,22    980          22           0
20:41:08  600  250    0 59,07 68,22    985          22           0
20:41:10  600  250    0 58,00 68,22  1,172          22           0
20:41:12  600  250    0 58,00 68,22  1,005          22           0
20:41:14  600  250    0 58,00 68,22  1,023          22           0
20:41:16  600  250    0 58,53 68,22  1,010          22           0
20:41:18  600  250    0 58,00 68,22    998          22           0
20:41:20  600  250    0 57,46 68,22  1,000          22           0
20:41:22  600  250    0 58,00 68,22  1,029          22           0
20:41:24  600  250    0 56,92 68,22  1,087          22           0
20:41:26  600  250    0 56,92 68,22  1,014          22           0
20:41:28  600  250    0 57,46 68,22  1,012          22           0
20:41:30  600  250    0 56,92 68,22    997          22           0
20:41:32  600  250    0 55,84 68,22  1,013          22           0
20:41:34  600  250    0 56,38 68,22  1,014          22           0
20:41:37  600  250    0 56,92 68,22    990          22           0
20:41:39  600  250    0 56,38 68,22    996          22           0
20:41:41  600  250    0 56,38 68,22    996          22           0
20:41:43  600  250    0 55,84 68,22    998          44           0
20:41:45  600  250    0 55,84 68,22  1,014          22           0
20:41:47  600  250    0 55,84 68,22    993          22           0
20:41:49  600  250    0 55,84 68,22  1,001          22           0
20:41:51  600  250    0 55,84 68,22  1,005          22           0
20:41:53  600  250    0 55,31 68,22  1,019          22           0
20:41:55  600  250    0 54,77 68,22  1,015          22           0
20:41:57  600  250    0 55,84 68,22    994          22           0
20:41:59  600  250    0 54,77 68,22  1,004          22           0
20:42:01  600  250    0 54,77 68,22  1,016          22           0
20:42:03  600  250    0 54,77 68,22  1,030          22           0
20:42:05  600  250    0 54,77 68,22  1,002          22           0
20:42:07  600  250    0 54,77 68,22  1,000          22           0
20:42:09  600  250    0 54,77 68,22  1,240          22           0
20:42:12  600  250    0 54,23 68,22  1,066          22           0
20:42:14  600  250    0 54,23 68,22  1,016          22           0
20:42:16  600  250    0 53,69 68,22  1,006          22           0
20:42:18  600  250    0 54,23 68,22    997          22           0
20:42:20  600  250    0 54,23 68,22    994          22           0
20:42:22  600  250    0 54,23 68,22  1,002          22           0
20:42:24  600  250    0 54,23 68,22  1,005          22           0
20:42:26  600  250    0 54,23 68,22  1,012          22           0
20:42:28  600  250    0 54,23 68,22  1,003          22           0
20:42:30  600  250    0 53,69 68,22    990          22           0
20:42:32  600  250    0 53,69 68,22  1,020          22           0
20:42:34  600  250    0 53,69 68,22    999          22           0
20:42:36  600  250    0 53,69 68,22  1,012          22           0
20:42:38  600  250    0 53,69 68,22  1,012          22           0
20:42:40  600  250    0 53,69 68,22    987          22           0
20:42:42  600  250    0 53,69 68,22  1,025          22           0
20:42:44  600  250    0 53,69 68,22  1,001          22           0
20:42:47  600  250    0 53,69 68,22    995          22           0
20:42:49  600  250    0 53,15 68,22  1,000          22           0
20:42:51  600  250    0 53,15 68,22    998          22           0
20:42:53  600  250    0 53,69 68,22  1,019          44           0
20:42:55  600  250    0 53,69 68,22  1,007          22           0
20:42:57  600  250    0 52,62 68,22  1,006          22           0
20:42:59  600  250    0 53,15 68,22  1,002          22           0
20:43:01  600  250    0 52,62 68,22  1,008          22           0
20:43:03  600  250    0 53,69 68,22  1,001          22           0
20:43:05  600  250    0 53,15 68,22  1,012          22           0
20:43:07  600  250    0 53,15 68,22  1,000          22           0
20:43:09  600  250    0 52,62 68,22  1,157          22           0
20:43:11  600  250    0 52,62 68,22  1,028          22           0
20:43:13  600  250    0 52,62 68,22  1,023          22           0
20:43:15  600  250    0 52,62 68,22  1,015          22           0
20:43:17  600  250    0 53,15 68,22  1,023          22           0
20:43:20  600  250    0 53,69 68,22  1,008          22           0
20:43:22  600  250    0 52,62 68,22    999          22           0
20:43:24  600  250    0 52,62 68,22  1,001          22           0
20:43:26  600  250    0 53,15 68,22  1,024          22           0
20:43:28  600  250    0 52,62 68,22  1,015          22           0
20:43:30  600  250    0 52,62 68,22  1,000          22           0
20:43:32  600  250    0 52,08 68,22  1,002          22           0
20:43:34  600  250    0 52,08 68,22  1,000          22           0
20:43:36  600  250    0 52,08 68,22  1,013          22           0
20:43:38  600  250    0 52,08 68,22  1,027          22           0
20:43:40  600  250    0 52,08 68,22  1,011          22           0
20:43:42 1200  400    0 55,84 68,22  1,207          22           0
20:43:44 1200  400    0 58,53 68,22  1,258          22           0
20:43:46 1200  400    0 60,15 68,22  1,256          22           0
20:43:48 1200  400    0 60,69 68,22  1,289          22           0
20:43:50 1200  400    0 61,22 68,22  1,261          22           0
20:43:52 1200  400    0 62,84 68,22  1,259          22           0
20:43:54 1200  400    0 62,30 68,22  1,256          22           0
20:43:56 1200  400    0 63,38 68,22  1,256          22           0
20:43:58 1200  400    0 63,38 68,22  1,269          22           0
20:44:01 1200  400    0 63,91 68,22  1,249          22           0
20:44:03 1200  400    0 64,45 68,22  1,252          22           0
20:44:05 1200  400    0 63,91 68,22  1,251          22           0
20:44:07 1200  400    0 64,99 68,22  1,249          22           0
20:44:09 1200  400    0 65,53 68,22  1,373          22           0
20:44:11 1200  400    0 64,99 68,22  1,326          45           0
20:44:13 1200  400    0 66,07 68,22  1,276          22           0
20:44:15 1200  400    0 65,53 68,22  1,250          22           0
20:44:17 1200  400    0 66,60 68,22  1,241          22           0
20:44:19 1200  400    0 66,60 68,22  1,258          22           0
20:44:21 1200  400    0 66,60 68,22  1,250          22           0
20:44:23 1200  400    0 66,60 68,22  1,250          22           0
20:44:25 1200  400    0 66,60 68,22  1,265          22           0
20:44:27 1200  400    0 67,68 68,22  1,249          22           0
20:44:29 1200  400    0 67,14 68,22  1,258          22           0
20:44:31 1200  400    0 68,22 68,22  1,258          22           0
20:44:33 1200  400    0 67,68 68,22  1,248          22           0
20:44:35 1200  400    0 67,68 68,22  1,253          22           0
20:44:37 1200  400    0 67,68 68,22  1,252          22           0
20:44:39 1200  400    0 68,22 68,22  1,258          22           0
20:44:41 1200  400    0 68,76 68,76  1,252          22           0
20:44:43 1200  400    0 68,76 68,76  1,263          22           0
20:44:45 1200  400    0 68,76 68,76  1,247          22           0
20:44:47 1200  400    0 68,76 68,76  1,245          22           0
20:44:49 1200  400    0 69,29 69,29  1,264          22           0
20:44:52 1200  400    0 69,83 69,83  1,248          22           0
20:44:54 1200  400    0 69,83 69,83  1,245          22           0
20:44:56 1200  400    0 69,83 69,83  1,255          22           0
20:44:58 1200  400    0 69,29 69,83  1,248          22           0
20:45:00 1200  400    0 70,37 70,37  1,267          22           0
20:45:02 1200  400    0 69,83 70,37  1,254          22           0
20:45:04 1200  400    0 69,83 70,37  1,249          45           0
20:45:06 1200  400    0 69,83 70,37  1,249          22           0
20:45:08 1200  400    0 70,91 70,91  1,250          22           0
20:45:10 1200  400    0 70,91 70,91  1,391          22           0
20:45:12 1200  400    0 70,91 70,91  1,270       2,142           0
20:45:14 1200  400    0 70,91 70,91  1,255       1,048           0
20:45:16 1200  400    0 71,45 71,45  1,278       2,656           0
20:45:18 1200  400    0 70,91 71,45  1,269       1,267           0
20:45:20 1200  400    0 70,91 71,45  1,253         633           0
20:45:22 1200  400    0 70,91 71,45  1,254          22           0
20:45:24 1200  400    0 71,45 71,45  1,249          22           0
20:45:26 1200  400    0 71,98 71,98  1,265         100           0
20:45:28 1200  400    0 71,98 71,98  1,253         100           0
20:45:30 1200  400    0 71,98 71,98  1,251         100           0
20:45:32 1200  400    0 71,45 71,98  1,249          22           0
20:45:34 1200  400    0 71,98 71,98  1,254          45           0
20:45:36 1200  400    0 71,98 71,98  1,271         100           0
20:45:38 1200  400    0 71,98 71,98  1,250         100           0
20:45:41 1200  400    0 71,98 71,98  1,253         100           0
20:45:43 1200  400    0 73,06 73,06  1,254          22           0
20:45:45 1200  400    0 71,98 73,06  1,249          22           0
20:45:47 1200  400    0 73,06 73,06  1,275         100           0
20:45:49 1200  400    0 72,52 73,06  1,249         100           0
20:45:51 1200  400    0 72,52 73,06  1,250         123           0
20:45:53 1200  400    0 71,98 73,06  1,255          22           0
20:45:55 1200  400    0 73,06 73,06  1,249          22           0
20:45:57 1200  400    0 72,52 73,06  1,266         178           0
20:45:59 1200  400    0 73,06 73,06  1,253         100           0
20:46:01 1200  400    0 72,52 73,06  1,273         136         123
20:46:03 1200  400    0 73,06 73,06  1,260         115         169
20:46:05 1200  400    0 73,06 73,06  1,243          22           0
20:46:07 1200  400    0 73,06 73,06  1,279         200           0
20:46:09 1200  400    0 73,06 73,06  1,480         122           0
20:46:11 1200  400    0 73,60 73,60  1,272          22           0
20:46:13 1200  400    0 73,60 73,60  1,269          22           0
20:46:15 1200  400    0 73,06 73,60  1,247          22           0
20:46:17 1200  400    0 73,60 73,60  1,310         178           0
20:46:19 1200  400    0 73,06 73,60  1,249         100           0
20:46:21 1200  400    0 73,60 73,60  1,251          22           0
20:46:23 1200  400    0 73,60 73,60  1,250          22           0
20:46:25 1200  400    0 73,60 73,60  1,246          22           0
20:46:27 1200  400    0 74,14 74,14  1,293         178           0
20:46:30 1200  400    0 73,60 74,14  1,255         100           0
20:46:32 1200  400    0 74,14 74,14  1,262          22           0
20:46:34 1200  400    0 74,14 74,14  1,247          22           0
20:46:36 1200  400    0 74,14 74,14  1,254         100           0
20:46:38 1200  400    0 74,14 74,14  1,252         100           0
20:46:40 1200  400    0 74,14 74,14  1,248         100           0
20:46:42 1200  400    0 74,14 74,14  1,267          22           0
20:46:44 1200  400    0 74,14 74,14  1,272          22           0
20:46:46 1200  400    0 74,14 74,14  1,249         100           0
20:46:48 1200  400    0 74,14 74,14  1,287         100           0
20:46:50 1200  400    0 74,14 74,14  1,251         100           0
20:46:52 1200  400    0 74,14 74,14  1,264          22           0
20:46:54 1200  400    0 74,14 74,14  1,273          22           0
20:46:56 1200  400    0 74,67 74,67  1,254         100           0
20:46:58 1200  400    0 74,67 74,67  1,255         100           0
20:47:00 1200  400    0 75,21 75,21  1,249         100           0
20:47:02 1200  400    0 75,21 75,21  1,270          22           0
20:47:04 1200  400    0 75,21 75,21  1,281          45           0
20:47:06 1200  400    0 74,67 75,21  1,254         100           0
20:47:08 1200  400    0 75,21 75,21  1,344         100           0
20:47:10 1200  400    0 75,21 75,21  1,378         100           0
20:47:12 1200  400    0 74,67 75,21  1,257          22           0
20:47:14 1200  400    0 75,21 75,21  1,261          22           0
20:47:16 1200  400    0 75,21 75,21  1,251         100           0
20:47:18 1200  400    0 75,21 75,21  1,258         100           0
20:47:20 1200  400    0 75,21 75,21  1,252         100           0
20:47:23 1200  400    0 75,21 75,21  1,249          22           0
20:47:25 1200  400    0 74,67 75,21  1,280          22           0
20:47:27 1200  400    0 75,21 75,21  1,250         100           0
20:47:29 1200  400    0 75,21 75,21  1,251         100           0
20:47:31 1200  400    0 75,21 75,21  1,255         100           0
20:47:33 1200  400    0 74,14 75,21  1,253          45           0
20:47:35 1200  400    0 75,21 75,21  1,261          22           0
20:47:37 1200  400    0 75,21 75,21  1,259         178           0
20:47:39 1200  400    0 75,21 75,21  1,258         100           0
20:47:41 1200  400    0 75,75 75,75  1,250          22           0
20:47:43 1200  400    0 75,21 75,75  1,269          22           0
20:47:45 1200  400    0 75,75 75,75  1,250          22           0
20:47:47 1200  400    0 75,75 75,75  1,251         178           0
20:47:49 1200  400    0 75,75 75,75  1,256         100           0
20:47:51 1200  400    0 75,75 75,75  1,242          22           0
20:47:53 1200  400    0 75,75 75,75  1,262          22           0
20:47:55 1200  400    0 76,29 76,29  1,255          22           0
20:47:57 1200  400    0 75,75 76,29  1,255         178           0
20:47:59 1200  400    0 76,29 76,29  1,265         100           0
20:48:01 1200  400    0 76,29 76,29  1,259          22           0
20:48:03 1200  400    0 75,75 76,29  1,263          45           0
20:48:05 1200  400    0 75,21 76,29  1,251          22           0
20:48:07 1200  400    0 76,29 76,29  1,255         178           0
20:48:09 1200  400    0 76,29 76,29  1,456         100           0
20:48:11 1200  400    0 76,29 76,29  1,253          22           0
20:48:14 1200  400    0 75,75 76,29  1,255          22           0
20:48:16 1200  400    0 76,29 76,29  1,248          22           0
20:48:18 1200  400    0 76,29 76,29  1,291         179           0
20:48:20 1200  400    0 76,29 76,29  1,255         100           0
20:48:22 1200  400    0 76,29 76,29  1,250          22           0
20:48:24 1200  400    0 76,29 76,29  1,245          22           0
20:48:26 1200  400    0 76,29 76,29  1,251         100           0
20:48:28 1200  400    0 76,29 76,29  1,252         100           0
20:48:30 1200  400    0 76,29 76,29  1,236         100           0
20:48:32 1200  400    0 76,83 76,83  1,242          22           0
20:48:34 1200  400    0 76,29 76,83  1,237          22           0
20:48:36 1200  400    0 76,29 76,83  1,260         100           0
20:48:38 1200  400    0 77,36 77,36  1,264         100           0
20:48:40 1200  400    0 77,36 77,36  1,257         100           0
20:48:42 1200  400    0 76,29 77,36  1,256          22           0
20:48:44 1200  400    0 76,83 77,36  1,259          22           0
20:48:46 1200  400    0 76,29 77,36  1,253         100           0
20:48:48 1200  400    0 77,36 77,36  1,290         100           0
20:48:50 1200  400    0 76,83 77,36  1,262         100           0
20:48:52 1200  400    0 77,36 77,36  1,253          22           0
20:48:54 1200  400    0 77,36 77,36  1,255          22           0
20:48:56 1200  400    0 76,83 77,36  1,260         100           0
20:48:58 1200  400    0 77,36 77,36  1,303         100           0
20:49:00 1200  400    0 77,36 77,36  1,256         100           0
20:49:02 1200  400    0 77,36 77,36  1,255          22           0
20:49:05 1200  400    0 76,29 77,36  1,256          45           0
20:49:07 1200  400    0 76,29 77,36  1,252         100           0
20:49:09 1200  400    0 76,83 77,36  1,425         100           0
20:49:11 1200  400    0 76,29 77,36  1,324         100           0
20:49:13 1200  400    0 76,83 77,36  1,252          22           0
20:49:15 1200  400    0 77,36 77,36  1,275          45           0
20:49:17 1200  400    0 77,36 77,36  1,253         100           0
20:49:19 1200  400    0 77,36 77,36  1,259         100           0
20:49:21 1200  400    0 77,36 77,36  1,272         100           0
20:49:23 1200  400    0 77,90 77,90  1,250          22           0
20:49:25 1200  400    0 77,36 77,90  1,254          22           0
20:49:27 1200  400    0 77,36 77,90  1,258         178           0
20:49:29 1200  400    0 77,36 77,90  1,267         100           0
20:49:31 1200  400    0 77,36 77,90  1,252          22           0
20:49:33 1200  400    0 77,90 77,90  1,254          22           0
20:49:35 1200  400    0 77,36 77,90  1,254          22           0
20:49:37 1200  400    0 77,36 77,90  1,248         178           0
20:49:39 1200  400    0 77,90 77,90  1,269         100           0
20:49:41 1200  400    0 77,90 77,90  1,254          22           0
20:49:43 1200  400    0 77,36 77,90  1,254          22           0
20:49:45 1200  400    0 77,36 77,90  1,257          22           0
20:49:47 1200  400    0 77,36 77,90  1,254         179           0
20:49:49 1200  400    0 77,90 77,90  1,282         100           0
20:49:51 1200  400    0 77,90 77,90  1,254          22           0
20:49:53 1200  400    0 77,90 77,90  1,253          22           0
20:49:56 1200  400    0 77,36 77,90  1,253          22           0
20:49:58 1200  400    0 77,36 77,90  1,257         178           0
20:50:00 1200  400    0 77,36 77,90  1,270         100           0
20:50:02 1200  400    0 77,90 77,90  1,262          22           0
20:50:04 1200  400    0 77,36 77,90  1,260          45           0
20:50:06 1200  400    0 77,36 77,90  1,256          22           0
20:50:08 1200  400    0 77,90 77,90  1,257         178           0
20:50:10 1200  400    0 77,36 77,90  1,420         100           0
20:50:12 1200  400    0 77,90 77,90  1,255          22           0
20:50:14 1200  400    0 77,36 77,90  1,256          22           0
20:50:16 1200  400    0 78,44 78,44  1,251          22           0
20:50:18 1200  400    0 77,90 78,44  1,273         178           0
20:50:20 1200  400    0 77,90 78,44  1,266         100           0
20:50:22 1200  400    0 77,36 78,44  1,254          22           0
20:50:24 1200  400    0 77,36 78,44  1,253          22           0
20:50:26 1200  400    0 77,90 78,44  1,271         100           0
20:50:28 1200  400    0 77,90 78,44  1,256         100           0
20:50:30 1200  400    0 78,44 78,44  1,276         100           0
20:50:32 1200  400    0 78,44 78,44  1,254          22           0
20:50:34 1200  400    0 77,90 78,44  1,257          22           0
20:50:36 1200  400    0 78,44 78,44  1,243         100           0
20:50:38 1200  400    0 77,90 78,44  1,246         100           0
20:50:40 1200  400    0 77,90 78,44  1,262         100           0
20:50:42  600  250    0 74,14 78,44  1,016          22           0
20:50:45  600  250    0 70,91 78,44    978          22           0
20:50:47  600  250    0 70,91 78,44    989          99           0
20:50:49  600  250    0 69,29 78,44    980          99           0
20:50:51  600  250    0 68,76 78,44    991         121           0
20:50:53  600  250    0 67,68 78,44    980          22           0
20:50:55  600  250    0 67,14 78,44    984          22           0
20:50:57  600  250    0 67,14 78,44    987          99           0
20:50:59  600  250    0 66,60 78,44    982          99           0
20:51:01  600  250    0 65,53 78,44  1,010          99           0
20:51:03  600  250    0 65,53 78,44    973          22           0
20:51:05  600  250    0 65,53 78,44    993          44           0
20:51:07  600  250    0 64,45 78,44    982          99           0
20:51:09  600  250    0 64,45 78,44  1,128          99           0
20:51:11  600  250    0 64,45 78,44    996          99           0
20:51:13  600  250    0 64,45 78,44    997          22           0
20:51:15  600  250    0 63,38 78,44    987          22           0
20:51:17  600  250    0 63,38 78,44    983         176           0
20:51:20  600  250    0 62,84 78,44    994          22           0
20:51:22  600  250    0 62,84 78,44  1,000          99           0
20:51:24  600  250    0 62,30 78,44    993          22           0
20:51:26  600  250    0 62,30 78,44    983          22           0
20:51:28  600  250    0 62,30 78,44    983         176           0
20:51:30  600  250    0 62,30 78,44    993          99           0
20:51:32  600  250    0 61,76 78,44    985          22           0
20:51:34  600  250    0 61,22 78,44    987          22           0
20:51:36  600  250    0 61,76 78,44    995          99           0
20:51:38  600  250    0 60,69 78,44  1,022          99           0
20:51:40  600  250    0 61,22 78,44    997          99           0
20:51:42  600  250    0 61,22 78,44    995          22           0
20:51:44  600  250    0 60,15 78,44  1,006          22           0
20:51:46  600  250    0 60,69 78,44    995          99           0
20:51:48  600  250    0 60,15 78,44    990          99           0
20:51:50  600  250    0 59,61 78,44    988          99           0
20:51:52  600  250    0 60,15 78,44  1,012          22           0
20:51:55  600  250    0 60,15 78,44    987          22           0
20:51:57  600  250    0 59,61 78,44    982          99           0
20:51:59  600  250    0 59,61 78,44    993          99           0
20:52:01  600  250    0 59,07 78,44    979         121           0
20:52:03  600  250    0 59,07 78,44  1,025          22           0
20:52:05  600  250    0 59,07 78,44    981          44           0
20:52:07  600  250    0 58,53 78,44    991         334           0
20:52:09  600  250    0 58,00 78,44  1,144          99           0
20:52:11  600  250    0 58,53 78,44    989          99           0
20:52:13  600  250    0 58,53 78,44  1,014          22           0
20:52:15  600  250    0 58,00 78,44    994          22           0
20:52:17  600  250    0 58,00 78,44    985          99           0
20:52:19  600  250    0 58,00 78,44    989          99           0
20:52:21  600  250    0 58,00 78,44    997          99           0
20:52:23  600  250    0 58,00 78,44  1,001          22           0
20:52:25  600  250    0 58,00 78,44    987          22           0
20:52:27  600  250    0 58,00 78,44    999         177           0
20:52:30  600  250    0 58,00 78,44    975          99           0
20:52:32  600  250    0 56,92 78,44    989          22           0
20:52:34  600  250    0 56,92 78,44    990          22           0
20:52:36  600  250    0 56,92 78,44    987          22           0
20:52:38  600  250    0 56,92 78,44    991         176           0
20:52:40  600  250    0 56,92 78,44    991          99           0
20:52:42  600  250    0 56,92 78,44    987          22           0
20:52:44  600  250    0 56,92 78,44    987          22           0
20:52:46  600  250    0 56,92 78,44    991          22           0
20:52:48  600  250    0 56,38 78,44    980         176           0
20:52:50  600  250    0 56,92 78,44  1,008          99           0
20:52:52  600  250    0 55,84 78,44    986          22           0
20:52:54  600  250    0 55,84 78,44  1,003          22           0
20:52:56  600  250    0 55,84 78,44    993          99           0
20:52:58  600  250    0 56,38 78,44    985          99           0
20:53:00  600  250    0 55,84 78,44    990          99           0
20:53:02  600  250    0 55,84 78,44    987          22           0
20:53:05  600  250    0 55,84 78,44  1,068          44           0
20:53:07  600  250    0 55,84 78,44    997          99           0
20:53:09  600  250    0 55,31 78,44  1,084          99           0
20:53:11  600  250    0 55,84 78,44  1,043         121           0
20:53:13  600  250    0 55,31 78,44    993          22           0
20:53:15  600  250    0 55,84 78,44    998          22           0
20:53:17  600  250    0 55,84 78,44    986          99           0
20:53:19  600  250    0 55,84 78,44    998          99           0
20:53:21  600  250    0 54,77 78,44    995          99           0
20:53:23  600  250    0 55,84 78,44  1,000          22           0
20:53:25  600  250    0 55,31 78,44  1,006          22           0
20:53:27  600  250    0 54,77 78,44    990          99           0
20:53:29  600  250    0 54,23 78,44  1,081          99           0
20:53:31  600  250    0 55,31 78,44    999          99           0
20:53:33  600  250    0 54,77 78,44    997          22           0
20:53:35  600  250    0 54,77 78,44    992          22           0
20:53:37  600  250    0 54,77 78,44    994         176           0
20:53:40  600  250    0 54,77 78,44    988          22           0
20:53:43 1200  400    0 58,00 78,44  1,220          75           0
20:53:46 1200  400    0 62,84 78,44  1,324          61           0
20:53:50 1200  400    0 65,53 78,44  1,325         117           0
20:53:53 1200  400    0 66,60 78,44  1,319          28           0
20:53:56 1200  400    0 67,68 78,44  1,329          61           0
20:54:00 1200  400    0 68,76 78,44  1,328         123           0
20:54:03 1200  400    0 69,83 78,44  1,328          27           0
20:54:06 1200  400    0 69,83 78,44  1,331          27           0
20:54:10 1200  400    0 70,91 78,44  1,402         123           0
20:54:13 1200  400    0 70,91 78,44  1,328          75           0
20:54:16 1200  400    0 72,52 78,44  1,328          13           0
20:54:19 1200  400    0 73,06 78,44  1,322         124           0
20:54:23 1200  400    0 73,06 78,44  1,324          75           0
20:54:26 1200  400    0 73,06 78,44  1,325          13           0
20:54:29 1200  400    0 73,60 78,44  1,286         121           0
20:54:33 1200  400    0 75,21 78,44  1,365          75           0
20:54:36 1200  400    0 75,21 78,44  1,326          13           0
20:54:39 1200  400    0 75,21 78,44  1,327         124           0
20:54:43 1200  400    0 75,75 78,44  1,294         162         147
20:54:46 1200  400    0 76,29 78,44  1,370          35          28
20:54:49 1200  400    0 76,29 78,44  1,325         172           0
20:54:53 1200  400    0 76,83 78,44  1,320          27           0
20:54:56 1200  400    0 77,36 78,44  1,327          13           0
20:54:59 1200  400    0 77,36 78,44  1,320         125           0
20:55:03 1200  400    0 77,36 78,44  1,326          62           0
20:55:06 1200  400    0 78,44 78,44  1,329          42           0
20:55:09 1200  400    0 78,44 78,44  1,394         151           0
20:55:12 1200  400    0 78,44 78,44  1,331          62           0
20:55:16 1200  400    0 78,98 78,98  1,317          28           0
20:55:19 1200  400    0 78,44 78,98  1,295         120           0
20:55:22 1200  400    0 79,52 79,52  1,346          61           0
20:55:26 1200  400    0 79,52 79,52  1,345          27           0
20:55:29 1195  400    0 80,05 80,05  1,337         123           0
20:55:32 1195  400    0 79,52 80,05  1,321          61           0
20:55:36 1141  400    0 79,52 80,05  1,323          27           0
20:55:39 1195  400    0 79,52 80,05  1,340         122           0
20:55:42 1141  400    0 80,59 80,59  1,282          60           0
20:55:46 1141  400    0 80,59 80,59  1,361          27           0
20:55:49 1141  400    0 80,59 80,59  1,335         123           0
20:55:52 1141  400    0 81,13 81,13  1,325          61           0
20:55:56 1141  400    0 80,59 81,13  1,321          27           0
20:55:59 1141  400    0 81,13 81,13  1,315         113           0
20:56:03 1087  400    0 80,59 81,13  1,344          74           0
20:56:06 1087  400    0 81,13 81,13  1,325          27           0
20:56:10 1141  400    0 80,59 81,13  1,412         168           0
20:56:13 1141  400    0 80,59 81,13  1,326          27           0
20:56:16 1034  400    0 80,59 81,13  1,317          13           0
20:56:20 1141  400    0 81,67 81,67  1,330         122           0
20:56:23 1087  400    0 81,13 81,67  1,335          73           0
20:56:26 1034  400    0 80,59 81,67  1,320          61           0
20:56:30 1087  400    0 81,67 81,67  1,334         122           0
20:56:33 1087  400    0 81,13 81,67  1,320          27           0
20:56:37 1141  400    0 81,67 81,67  1,323          60           0
20:56:40 1141  400    0 81,67 81,67  1,332         118           0
20:56:43 1141  400    0 80,59 81,67  1,319          27           0
20:56:47 1034  400    0 81,67 81,67  1,326          73           0
20:56:50 1087  400    0 81,67 81,67  1,331         106           0
20:56:54 1034  400    0 81,67 81,67  1,320          26           0
20:56:57 1034  400    0 81,67 81,67  1,324          73           0
20:57:00 1034  400    0 81,13 81,67  1,336         107           0
20:57:04 1034  400    0 80,59 81,67  1,341          27           0
20:57:07 1034  400    0 81,67 81,67  1,326          86           0
20:57:11 1034  400    0 81,13 81,67  1,414         107           0
20:57:14 1034  400    0 81,13 81,67  1,329          26           0
20:57:18 1034  400    0 81,67 81,67  1,324         120           0
20:57:21 1034  400    0 81,67 81,67  1,325          72           0
20:57:24 1034  400    0 81,67 81,67  1,331          13           0
20:57:28 1034  400    0 81,67 81,67  1,325         119           0
20:57:31 1034  400    0 81,67 81,67  1,323          74           0
20:57:35 1034  400    0 81,67 81,67  1,337          13           0
20:57:38 1034  400    0 81,67 81,67  1,323         119           0
20:57:42 1034  400    0 81,67 81,67  1,325          72           0
20:57:45 1034  400    0 81,67 81,67  1,287          25           0
20:57:48 1034  400    0 81,67 81,67  1,373         107           0
20:57:52 1034  400    0 81,67 81,67  1,323          73           0
20:57:55 1034  400    0 81,67 81,67  1,334          26           0
20:57:59  980  400    0 81,67 81,67  1,322         118           0
20:58:02  980  400    0 81,67 81,67  1,324          59           0
20:58:06 1034  400    0 81,67 81,67  1,324          40           0
20:58:09  980  400    0 82,21 82,21  1,410         119           0
20:58:12  980  400    0 82,21 82,21  1,318          59           0
20:58:16  980  400    0 81,67 82,21  1,328          26           0
20:58:19  980  400    0 81,67 82,21  1,327         132           0
20:58:23  980  400    0 81,67 82,21  1,325          72           0
20:58:26 1034  400    0 81,67 82,21  1,325          13           0
20:58:30 1034  400    0 82,21 82,21  1,334         163           0
20:58:33  926  400    0 81,67 82,21  1,319          26           0
20:58:37  980  400    0 81,67 82,21  1,324          71           0
20:58:40 1034  400    0 81,67 82,21  1,337         105           0
20:58:44  980  400    0 81,67 82,21  1,328          26           0
20:58:47  980  400    0 81,67 82,21  1,329          71           0
20:58:51 1034  400    0 81,67 82,21  1,337         105           0
20:58:54  980  400    0 82,21 82,21  1,327          26           0
20:58:58 1034  400    0 82,21 82,21  1,324          72           0
20:59:01  980  400    0 82,21 82,21  1,326         117           0
20:59:04  980  400    0 82,21 82,21  1,324          26           0
20:59:08  980  400    0 81,67 82,21  1,324         119           0
20:59:11 1034  400    0 82,74 82,74  1,400          72           0
20:59:15  980  400    0 82,74 82,74  1,317          26           0
20:59:18  980  400    0 82,21 82,74  1,323         104           0
20:59:22  980  400    0 82,21 82,74  1,331          72           0
20:59:25 1034  400    0 81,67 82,74  1,326          26           0
20:59:29  980  400    0 82,74 82,74  1,321         116           0
20:59:32  980  400    0 82,21 82,74  1,325          58           0
20:59:36  980  400    0 82,21 82,74  1,326          26           0
20:59:39 1034  400    0 82,74 82,74  1,325         115           0
20:59:43  980  400    0 81,67 82,74  1,318          59           0
20:59:46 1034  400    0 81,67 82,74  1,322          26           0
20:59:50 1034  400    0 82,21 82,74  1,325         117           0
20:59:53  980  400    0 82,21 82,74  1,321          72           0
20:59:57  980  400    0 82,21 82,74  1,333          13           0
21:00:00 1034  400    0 82,74 82,74  1,323         163           0
21:00:04 1034  400    0 82,21 82,74  1,323          26           0
21:00:07 1034  400    0 82,21 82,74  1,321          86           0
21:00:10  980  400    0 82,21 82,74  1,418         104           0
21:00:14  980  400    0 81,67 82,74  1,321          26           0
21:00:17  980  400    0 82,21 82,74  1,324          72           0
21:00:21  980  400    0 82,21 82,74  1,325         118           0
21:00:24  926  400    0 82,21 82,74  1,323          13           0
21:00:28  926  400    0 82,21 82,74  1,322          72           0
21:00:31 1034  400    0 82,74 82,74  1,330         116           0
21:00:35  980  400    0 82,21 82,74  1,331          26           0
21:00:38 1034  400    0 82,21 82,74  1,326         103           0
21:00:41  926  400    0 82,21 82,74  1,332          85           0
21:00:43  600  250    0 77,90 82,74    973          44           0
21:00:45  600  250    0 75,21 82,74  1,014          22           0
21:00:47  600  250    0 74,14 82,74    990          99           0
21:00:49  600  250    0 73,06 82,74    977          99           0
21:00:51  600  250    0 73,06 82,74    986          99           0
21:00:53  600  250    0 71,45 82,74  1,001          22           0
21:00:55  600  250    0 70,91 82,74    994          22           0
21:00:57  600  250    0 69,83 82,74  1,044          99           0
21:00:59  600  250    0 69,83 82,74  1,016          99           0
21:01:01  600  250    0 68,76 82,74    989          99           0
21:01:03  600  250    0 68,76 82,74    985          22           0
21:01:05  600  250    0 68,22 82,74    994          44           0
21:01:07  600  250    0 68,76 82,74  1,000          99           0
21:01:10  600  250    0 67,68 82,74  1,150          99           0
21:01:12  600  250    0 66,60 82,74  1,015          99           0
21:01:14  600  250    0 66,60 82,74    989          22           0
21:01:16  600  250    0 66,60 82,74  1,019          22           0
21:01:18  600  250    0 66,60 82,74  1,000          99           0
21:01:20  600  250    0 66,60 82,74  1,006          99           0
21:01:22  600  250    0 65,53 82,74    990          99           0
21:01:24  600  250    0 65,53 82,74  1,003          22           0
21:01:26  600  250    0 64,99 82,74  1,016          22           0
21:01:28  600  250    0 64,45 82,74  1,009         176           0
21:01:30  600  250    0 64,45 82,74  1,011          99           0
21:01:32  600  250    0 64,45 82,74    985          22           0
21:01:34  600  250    0 63,91 82,74  1,005          22           0
21:01:36  600  250    0 64,45 82,74  1,007          22           0
21:01:38  600  250    0 63,38 82,74  1,004         176           0
21:01:40  600  250    0 62,84 82,74  1,010          99           0
21:01:42  600  250    0 63,38 82,74    997          22           0
21:01:45  600  250    0 62,84 82,74  1,041          22           0
21:01:47  600  250    0 62,84 82,74  1,010          22           0
21:01:49  600  250    0 62,30 82,74  1,002         176           0
21:01:51  600  250    0 62,30 82,74    994          99           0
21:01:53  600  250    0 62,30 82,74  1,005          44           0
21:01:55  600  250    0 62,30 82,74  1,035          22           0
21:01:57  600  250    0 62,30 82,74    999          99           0
21:01:59  600  250    0 61,22 82,74  1,009          99           0
21:02:01  600  250    0 61,22 82,74    997          99           0
21:02:03  600  250    0 61,22 82,74    992          22           0
21:02:05  600  250    0 61,76 82,74  1,018          44           0
21:02:07  600  250    0 61,22 82,74    993          99           0
21:02:09  600  250    0 61,22 82,74  1,247          99           0
21:02:11  600  250    0 61,22 82,74  1,009          99           0
21:02:13  600  250    0 61,22 82,74    996          22           0
21:02:15  600  250    0 60,69 82,74    992          22           0
21:02:17  600  250    0 60,69 82,74  1,016          99           0
21:02:20  600  250    0 60,15 82,74  1,003          99           0
21:02:22  600  250    0 60,69 82,74  1,001          99           0
21:02:24  600  250    0 60,15 82,74  1,005          22           0
21:02:26  600  250    0 60,15 82,74  1,008          22           0
21:02:28  600  250    0 60,15 82,74  1,015          99           0
21:02:30  600  250    0 59,07 82,74  1,030          99           0
21:02:32  600  250    0 59,61 82,74    999          99           0
21:02:34  600  250    0 59,61 82,74    992          22           0
21:02:36  600  250    0 59,07 82,74  1,013          22           0
21:02:38  600  250    0 59,07 82,74    996          99           0
21:02:40  600  250    0 59,61 82,74  1,061         212         199
21:02:42  600  250    0 59,07 82,74  1,002         169          91
21:02:44  600  250    0 59,07 82,74  1,006          22           0
21:02:46  600  250    0 59,07 82,74  1,006          22           0
21:02:48  600  250    0 58,53 82,74  1,016         176           0
21:02:50  600  250    0 59,07 82,74  1,006          99           0
21:02:52  600  250    0 58,00 82,74    988          22           0
21:02:54  600  250    0 58,53 82,74    980          22           0
21:02:57  600  250    0 58,00 82,74  1,003          22           0
21:02:59  600  250    0 58,00 82,74    989         176           0
21:03:01  600  250    0 58,00 82,74    990          99           0
21:03:03  600  250    0 58,00 82,74    983          44           0
21:03:05  600  250    0 58,00 82,74    985          44           0
21:03:07  600  250    0 58,00 82,74    990          99           0
21:03:09  600  300    0 58,00 82,74  1,149          99           0
21:03:11  600  250    0 58,00 82,74    990          99           0
21:03:13  600  250    0 58,00 82,74    987          22           0
21:03:15  600  250    0 58,00 82,74    987          22           0
21:03:17  600  250    0 58,00 82,74  1,000          99           0
21:03:19  600  250    0 56,92 82,74  1,010          99           0
21:03:21  600  250    0 56,92 82,74    986          99           0
21:03:23  600  250    0 56,92 82,74    978          22           0
21:03:25  600  250    0 56,92 82,74    977          22           0
21:03:27  600  250    0 56,92 82,74    992          99           0
21:03:29  600  250    0 56,92 82,74  1,003          99           0
21:03:32  600  250    0 56,92 82,74    995          99           0
21:03:34  600  250    0 56,92 82,74  1,011          22           0
21:03:36  600  250    0 56,38 82,74    983          22           0
21:03:38  600  250    0 56,92 82,74    984          99           0
21:03:40  600  250    0 56,92 82,74    980          99           0
