  Config: v0.5.5, args "", priority lowest (+19)
   Board: 4 x ARMv7 cores available, ondemand governor (Pi1 Unknown rev 1.0, BCM2838 SoC with 4GB RAM by Sony UK)
  Memory: 1024MB (split 948MB ARM, 76MB GPU) plus 100MB Swap
HW Block: |   ARM   |  Core  |  H264  |    SDRAM    |
Min Freq: |  600MHz | 250MHz |   0MHz |   3180MHz   |
Max Freq: | 1800MHz | 500MHz | 500MHz |   3180MHz   |
Voltages: |      +70000, 0.9300V      |  0, 1.2000V |
   Other: temp_limit=85
Firmware: Jan 8 2021 14:31:16, version 194a85abd768c7334bbadc3f1911c10a7d18ed14 (clean) (release) (start)
  Codecs: H264 MJPG PCM
  Booted: Sun Jan 10 09:06:51 2021

Time         ARM    ore    H264 ore Temp (Max)  IRQ/s      RX B/s      TX B/s
======== ======= ======= ======= =============== ====== =========== ===========
09:48:06 1800  500    0 35.05 (36.02)  3,214           0           0
09:48:08  600  297    0 35.05 (36.02)    625          29           0
09:48:10 1000  300    0 36.02 (36.02)  1,043          29           0
09:48:12  800  297    0 35.54 (36.02)  2,301          29           0
09:48:14 1800  500    0 37.48 (37.48)  1,564          29           0
09:48:16 1800  500    0 37.00 (37.48)  1,008          29           0
09:48:18 1800  500    0 36.02 (37.48)  2,193          29           0
09:48:20 1800  500    0 37.00 (37.48)    579          29           0
09:48:22 1800  500    0 37.00 (37.48)  1,143          29           0
09:48:24 1800  500    0 37.48 (37.48)    480          81          31
09:48:26 1800  500    0 37.48 (37.48)    217          28           0
09:48:28 1800  500    0 39.43 (39.43)    195          29           0
09:48:30 1800  500    0 38.95 (39.43)    254          59          20
09:48:32 1800  500    0 37.48 (39.43)    260          29           0
09:48:34 1800  500    0 38.46 (39.43)    196          29           0
09:48:37 1800  500    0 37.97 (39.43)    201          29           0
09:48:39 1800  500    0 38.46 (39.43)    215          29           0
09:48:41 1800  500    0 37.97 (39.43)    266          29           0
09:48:43 1800  500    0 38.95 (39.43)    199          29           0
09:48:45 1800  500    0 38.46 (39.43)    235          28           0
09:48:47 1800  500    0 38.46 (39.43)    260          28          50
09:48:49 1800  500    0 37.97 (39.43)    198          29           0
09:48:51 1800  500    0 38.95 (39.43)    245          29          62
09:48:53 1800  500    0 39.43 (39.43)    249          29           0
09:48:55 1800  500    0 38.46 (39.43)    267          83          32
09:48:57 1800  500    0 38.95 (39.43)    204          29           0
09:48:59 1800  500    0 38.95 (39.43)    194          59          20
09:49:01 1800  500    0 37.97 (39.43)    280          29         102
09:49:03 1800  500    0 37.97 (39.43)    288          29         202
09:49:05 1800  500    0 37.48 (39.43)    220         271          99
09:49:07 1800  500    0 38.46 (39.43)    264          29           0
09:49:09 1800  500    0 37.97 (39.43)    211          29           0
09:49:11 1800  500    0 37.97 (39.43)    276          29           0
09:49:13 1800  500    0 38.46 (39.43)    197          29           0
09:49:15 1800  500    0 38.46 (39.43)    230          59           0
09:49:17 1800  500    0 39.43 (39.43)    272          29           0
09:49:19 1800  500    0 37.48 (39.43)    198          29           0
09:49:22 1800  500    0 38.95 (39.43)    207          29           0
09:49:24 1800  500    0 38.46 (39.43)    240          28           0
09:49:26 1800  500    0 38.95 (39.43)    289          82          31
09:49:28 1800  500    0 38.95 (39.43)    202          29           0
09:49:30 1800  500    0 38.95 (39.43)    280         152          53
09:49:32 1800  500    0 38.95 (39.43)    231          29           0
09:49:34 1800  500    0 39.43 (39.43)    276          88          41
09:49:36 1800  500    0 38.46 (39.43)    207          29           0
09:49:38 1800  500    0 38.95 (39.43)    250          29           0
09:49:40 1800  500    0 37.97 (39.43)    265          29           0
09:49:42 1800  500    0 39.43 (39.43)    222          28           0
09:49:44 1800  500    0 39.43 (39.43)    216          28           0
09:49:46 1800  500    0 38.95 (39.43)    273          29           0
09:49:48 1800  500    0 38.46 (39.43)    280          29           0
09:49:50 1800  500    0 37.97 (39.43)    197          29           0
09:49:52 1800  500    0 38.46 (39.43)    196          29           0
09:49:54 1800  500    0 38.95 (39.43)    244          83          32
09:49:56 1800  500    0 38.46 (39.43)    270          29           0
09:49:58 1800  500    0 37.97 (39.43)    195          29           0
09:50:00 1800  500    0 39.43 (39.43)    261          58          20
09:50:03 1800  500    0 38.46 (39.43)    304          28           0
09:50:05 1800  500    0 38.95 (39.43)    202          29           0
09:50:07 1800  500    0 38.46 (39.43)    220          29           0
09:50:09 1800  500    0 39.43 (39.43)    243          29           0
09:50:11 1800  500    0 37.97 (39.43)    290          29           0
09:50:13 1800  500    0 38.95 (39.43)    213          29           0
09:50:15 1800  500    0 38.95 (39.43)    197          29           0
09:50:17 1800  500    0 39.43 (39.43)    206          29           0
09:50:19 1800  500    0 38.46 (39.43)    220          28           0
09:50:21 1800  500    0 38.46 (39.43)    220          28           0
09:50:23 1800  500    0 38.95 (39.43)    236          29           0
09:50:25 1800  500    0 38.46 (39.43)    220          83          32
09:50:27 1800  500    0 38.46 (39.43)    244          29           0
09:50:29 1800  500    0 38.95 (39.43)    206          88          41
09:50:31 1800  500    0 38.46 (39.43)    222          29           0
09:50:33 1800  500    0 39.43 (39.43)    201          29           0
09:50:35 1800  500    0 39.43 (39.43)    207          29           0
09:50:37 1800  500    0 38.95 (39.43)    222          28           0
09:50:39 1800  500    0 39.43 (39.43)    210          57           0
09:50:41 1800  500    0 38.95 (39.43)    218          29           0
09:50:43 1800  500    0 38.95 (39.43)    205          29           0
09:50:46 1800  500    0 39.43 (39.43)    200          29           0
09:50:48 1800  500    0 38.46 (39.43)    198          29           0
09:50:50 1800  500    0 39.92 (39.92)    201          29           0
09:50:52 1800  500    0 39.43 (39.92)    204          29           0
09:50:54 1800  500    0 39.43 (39.92)    204          29           0
09:50:56 1800  500    0 38.46 (39.92)    218          80          31
09:50:58 1800  500    0 38.95 (39.92)    211          29           0
09:51:00 1800  500    0 38.46 (39.92)    210          59          20
09:51:02 1800  500    0 39.92 (39.92)    259          29         205
09:51:04 1800  500    0 37.48 (39.92)    216          29         205
09:51:06 1800  500    0 38.95 (39.92)    213          29           0
09:51:08 1800  500    0 38.46 (39.92)    264          29           0
09:51:10 1800  500    0 39.43 (39.92)    211          29           0
09:51:12 1800  500    0 39.92 (39.92)    255          28           0
09:51:14 1800  500    0 39.92 (39.92)    250          28           0
09:51:16 1800  500    0 38.95 (39.92)    235          29           0
09:51:18 1800  500    0 38.95 (39.92)    204          29           0
09:51:20 1800  500    0 37.97 (39.92)    207          29           0
09:51:22 1800  500    0 39.43 (39.92)    230          29           0
09:51:24 1800  500    0 38.95 (39.92)    287          83          32
09:51:26 1800  500    0 38.95 (39.92)    197          29           0
09:51:28 1800  500    0 37.97 (39.92)    226          29           0
09:51:31 1800  500    0 38.95 (39.92)    230          85          39
09:51:33 1800  500    0 38.95 (39.92)    277          29           0
09:51:35 1800  500    0 39.43 (39.92)    215          29           0
09:51:37 1800  500    0 38.46 (39.92)    237          29           0
09:51:39 1800  500    0 39.92 (39.92)    280          29           0
09:51:41 1800  500    0 39.92 (39.92)    209          29           0
09:51:43 1800  500    0 38.95 (39.92)    201          29           0
09:51:45 1800  500    0 38.95 (39.92)    224          29           0
09:51:47 1800  500    0 37.97 (39.92)    271          28           0
09:51:49 1800  500    0 38.46 (39.92)    215          28           0
09:51:51 1800  500    0 39.92 (39.92)    209          29           0
09:51:53 1800  500    0 38.95 (39.92)    242          29           0
09:51:55 1800  500    0 39.43 (39.92)    266          83          32
09:51:57 1800  500    0 39.92 (39.92)    202          29           0
09:51:59 1800  500    0 37.97 (39.92)    238          59          20
09:52:01 1800  500    0 38.46 (39.92)    285          29           0
09:52:03 1800  500    0 38.46 (39.92)    203          29           0
09:52:05 1800  500    0 39.43 (39.92)    213          28           0
09:52:07 1800  500    0 39.43 (39.92)    233          28           0
09:52:09 1800  500    0 37.97 (39.92)    273          58           0
09:52:11 1800  500    0 38.95 (39.92)    198          29           0
09:52:13 1800  500    0 38.46 (39.92)    195          29           0
09:52:15 1800  500    0 39.43 (39.92)    232          29           0
09:52:18 1800  500    0 37.97 (39.92)    260          29           0
09:52:20 1800  500    0 38.95 (39.92)    200          29           0
09:52:22 1800  500    0 38.95 (39.92)    249          29           0
09:52:24 1800  500    0 39.92 (39.92)    211          29           0
09:52:26 1800  500    0 38.46 (39.92)    266          80          31
09:52:28 1800  500    0 38.95 (39.92)    209          28           0
09:52:30 1800  500    0 38.95 (39.92)    299         266         105
09:52:32 1800  500    0 37.97 (39.92)    271          29           0
09:52:34 1800  500    0 38.46 (39.92)    216          88          41
09:52:36 1800  500    0 38.95 (39.92)    201          29           0
09:52:38 1800  500    0 38.95 (39.92)    227          29           0
09:52:40 1800  500    0 39.43 (39.92)    267          29           0
09:52:42 1800  500    0 37.97 (39.92)    206          29           0
09:52:44 1800  500    0 38.95 (39.92)    220          29           0
09:52:46 1800  500    0 38.95 (39.92)    227          28           0
09:52:48 1800  500    0 38.95 (39.92)    267          29           0
09:52:50 1800  500    0 38.95 (39.92)    202          29           0
09:52:52 1800  500    0 38.95 (39.92)    233          29           0
09:52:54 1800  500    0 38.95 (39.92)    265          83          32
09:52:56 1800  500    0 38.95 (39.92)    197          29           0
09:52:58 1800  500    0 39.43 (39.92)    209          29           0
09:53:00 1800  500    0 39.43 (39.92)    250          59         123
09:53:02 1800  500    0 38.95 (39.92)    288          29         205
09:53:05 1800  500    0 38.95 (39.92)    217          28          99
09:53:07 1800  500    0 38.46 (39.92)    220          28           0
09:53:09 1800  500    0 39.43 (39.92)    212          29           0
09:53:11 1800  500    0 39.92 (39.92)    266          29           0
09:53:13 1800  500    0 38.46 (39.92)    219          29           0
09:53:15 1800  500    0 39.43 (39.92)    211          29           0
09:53:17 1800  500    0 39.43 (39.92)    257          29           0
09:53:19 1800  500    0 39.43 (39.92)    206          29           0
09:53:21 1800  500    0 39.43 (39.92)    207          29           0
09:53:23 1800  500    0 38.95 (39.92)    241          29           0
09:53:25 1800  500    0 39.92 (39.92)    276          80          31
09:53:27 1800  500    0 39.92 (39.92)    210          28           0
09:53:29 1800  500    0 38.95 (39.92)    211          88          41
09:53:31 1800  500    0 38.95 (39.92)    234          29           0
09:53:33 1800  500    0 38.95 (39.92)    262          29           0
09:53:35 1800  500    0 38.95 (39.92)    200          29           0
09:53:37 1800  500    0 38.95 (39.92)    229          29           0
09:53:39 1800  500    0 39.43 (39.92)    210          29           0
09:53:41 1800  500    0 39.43 (39.92)    268          29           0
09:53:43 1800  500    0 39.43 (39.92)    201          59           0
09:53:46 1800  500    0 39.43 (39.92)    247          28           0
09:53:48 1800  500    0 39.43 (39.92)    269          28           0
09:53:50 1800  500    0 38.95 (39.92)    200          29           0
09:53:52 1800  500    0 39.43 (39.92)    203          29           0
09:53:54 1800  500    0 38.95 (39.92)    246          29           0
09:53:56 1800  500    0 39.92 (39.92)    266          83          32
09:53:58 1800  500    0 39.43 (39.92)    192          29           0
09:54:00 1800  500    0 39.43 (39.92)    218          58          20
09:54:02 1800  500    0 39.92 (39.92)    290         199         189
09:54:04 1800  500    0 39.43 (39.92)    273         195          83
09:54:06 1800  500    0 38.95 (39.92)    224          28           0
09:54:08 1800  500    0 39.43 (39.92)    243          29           0
09:54:10 1800  500    0 39.43 (39.92)    266          29           0
09:54:12 1800  500    0 38.95 (39.92)    210          29           0
09:54:14 1800  500    0 38.46 (39.92)    207          29           0
09:54:16 1800  500    0 39.92 (39.92)    223          29           0
09:54:18 1800  500    0 38.95 (39.92)    261          29           0
09:54:20 1800  500    0 38.95 (39.92)    202          29           0
09:54:22 1800  500    0 39.92 (39.92)    195          29           0
09:54:24 1800  500    0 39.43 (39.92)    250          81          31
09:54:26 1800  500    0 38.46 (39.92)    259          28           0
09:54:29 1800  500    0 39.92 (39.92)    195          29           0
09:54:31 1800  500    0 39.43 (39.92)    250          88          41
09:54:33 1800  500    0 39.43 (39.92)    253          29           0
09:54:35 1800  500    0 39.43 (39.92)    227          29           0
09:54:37 1800  500    0 39.92 (39.92)    205          29           0
09:54:39 1800  500    0 38.95 (39.92)    234          29           0
09:54:41 1800  500    0 38.46 (39.92)    270          29           0
09:54:43 1800  500    0 38.95 (39.92)    202          29           0
09:54:45 1800  500    0 38.95 (39.92)    213          28           0
09:54:47 1800  500    0 38.95 (39.92)    243          28           0
09:54:49 1800  500    0 38.95 (39.92)    277          29           0
09:54:51 1800  500    0 38.95 (39.92)    203          29           0
09:54:53 1800  500    0 38.95 (39.92)    228          29           0
09:54:55 1800  500    0 38.95 (39.92)    212          83          32
09:54:57 1800  500    0 39.92 (39.92)    265          29           0
09:54:59 1800  500    0 39.43 (39.92)    197          59          20
09:55:01 1800  500    0 39.43 (39.92)    273          29         102
09:55:03 1800  500    0 39.92 (39.92)    278          29         308
09:55:05 1800  500    0 39.92 (39.92)    219          28           0
09:55:07 1800  500    0 39.92 (39.92)    208          57           0
09:55:09 1800  500    0 39.43 (39.92)    239          29           0
09:55:11 1800  500    0 39.43 (39.92)    230          29           0
09:55:13 1800  500    0 38.95 (39.92)    220          29           0
09:55:16 1800  500    0 39.43 (39.92)    230          29           0
09:55:18  600  297    0 39.43 (39.92)    192          29           0
09:55:20  600  297    0 36.51 (39.92)    140          29           0
09:55:22  600  297    0 37.00 (39.92)    118          29           0
09:55:24  600  297    0 37.00 (39.92)    143          29           0
09:55:26  600  297    0 37.00 (39.92)    205          82          31
09:55:28  600  297    0 37.00 (39.92)    112          29           0
09:55:30  600  297    0 36.51 (39.92)    117          58          20
09:55:32  700  297    0 37.00 (39.92)    143          29           0
09:55:34  600  297    0 37.48 (39.92)    195          29           0
09:55:36  600  297    0 37.00 (39.92)    106          29           0
09:55:38  600  297    0 36.02 (39.92)    145          29           0
09:55:40  600  297    0 37.00 (39.92)    129          29           0
09:55:42  600  297    0 36.02 (39.92)    183          29           0
09:55:44  600  297    0 36.51 (39.92)    117          29           0
09:55:47  600  297    0 37.48 (39.92)    132          29           0
09:55:49  700  297    0 36.02 (39.92)    198          29           0
09:55:51  600  297    0 36.02 (39.92)    115          29           0
09:55:53  600  297    0 36.02 (39.92)    107          29           0
09:55:55  600  297    0 36.51 (39.92)    174          82          31
09:55:57  600  297    0 36.02 (39.92)    200          29           0
09:55:59  600  297    0 36.02 (39.92)    107          58          20
09:56:01  600  297    0 36.51 (39.92)    203          29           0
09:56:03  600  297    0 36.51 (39.92)    114          29           0
09:56:05  600  297    0 36.02 (39.92)    185          29           0
09:56:07  600  297    0 36.51 (39.92)    118          29           0
09:56:09  600  297    0 35.54 (39.92)    162          29           0
09:56:11  600  297    0 36.02 (39.92)    161          29           0
09:56:13  600  297    0 35.54 (39.92)    108          29           0
09:56:15  600  297    0 35.54 (39.92)    155          58           0
09:56:18  600  297    0 36.02 (39.92)    121          29           0
09:56:20  600  297    0 35.54 (39.92)    156          29           0
09:56:22  600  297    0 37.00 (39.92)    127          29           0
09:56:24  600  297    0 36.02 (39.92)    149          29           0
09:56:26  600  297    0 36.02 (39.92)    204         111          31
09:56:28  600  297    0 36.02 (39.92)    109          29           0
09:56:30  600  297    0 36.02 (39.92)    109          57          20
09:56:32  600  297    0 35.05 (39.92)    146          29           0
09:56:34  600  297    0 37.00 (39.92)    207          29           0
09:56:36  600  297    0 36.02 (39.92)    105          29           0
09:56:38  600  297    0 36.02 (39.92)    140          29           0
09:56:40  600  297    0 35.54 (39.92)    117          29           0
09:56:42  600  297    0 36.51 (39.92)    214          29           0
09:56:44  600  297    0 35.54 (39.92)    109          29           0
09:56:46  600  297    0 35.05 (39.92)    158          29           0
09:56:48  700  297    0 36.02 (39.92)    202          29           0
09:56:51  600  297    0 35.54 (39.92)    113          29           0
09:56:53  600  297    0 36.51 (39.92)    115          29           0
09:56:55  600  297    0 36.02 (39.92)    127          82          31
09:56:57  600  297    0 36.51 (39.92)    201          29           0
09:56:59  600  297    0 35.54 (39.92)    115          29           0
09:57:01  800  297    0 35.05 (39.92)    205          58         122
09:57:03  600  297    0 35.54 (39.92)    140          29         202
09:57:05  600  297    0 36.02 (39.92)    209          29         101
09:57:07  600  297    0 36.02 (39.92)    125          28           0
09:57:09  600  297    0 35.54 (39.92)    155          29           0
09:57:11  600  297    0 35.54 (39.92)    158          29           0
09:57:13  600  297    0 35.54 (39.92)    112          29           0
09:57:15  600  297    0 36.02 (39.92)    140          29           0
09:57:17  600  297    0 35.05 (39.92)    145          58           0
09:57:19  600  297    0 35.54 (39.92)    172          29           0
09:57:22  600  297    0 36.51 (39.92)    123          29           0
09:57:24  600  297    0 36.51 (39.92)    146          29           0
09:57:26  600  297    0 36.51 (39.92)    198          82          31
09:57:28  600  297    0 36.02 (39.92)    116          58           0
09:57:30  600  297    0 35.05 (39.92)    109          58          20
09:57:32  600  297    0 36.51 (39.92)    161          29           0
09:57:34  600  297    0 36.02 (39.92)    203          29           0
09:57:36  600  297    0 35.54 (39.92)    118          29           0
09:57:38  600  297    0 35.54 (39.92)    125          29           0
09:57:40  600  297    0 35.54 (39.92)    109          29           0
09:57:42  600  297    0 35.54 (39.92)    200          29           0
09:57:44  600  297    0 35.54 (39.92)    107          29           0
09:57:46  600  297    0 36.02 (39.92)    148          29           0
09:57:48  600  297    0 36.02 (39.92)    208          29           0
09:57:50  600  297    0 35.54 (39.92)    110          29           0
09:57:52  600  297    0 36.02 (39.92)    106          29           0
09:57:55  600  297    0 37.00 (39.92)    154          82          31
09:57:57  600  297    0 36.51 (39.92)    192          29           0
09:57:59  600  297    0 35.05 (39.92)    107          29           0
09:58:01  600  297    0 36.51 (39.92)    176          58          20
09:58:03  600  297    0 35.05 (39.92)    131          29           0
09:58:05  600  297    0 37.00 (39.92)    199          29           0
09:58:07  600  297    0 36.02 (39.92)    106          29           0
09:58:09  600  297    0 35.05 (39.92)    143          29           0
09:58:11  600  297    0 36.02 (39.92)    161          29           0
09:58:13  600  297    0 35.54 (39.92)    119          29           0
09:58:15  600  297    0 35.54 (39.92)    131          29           0
09:58:17 1800  500    0 37.48 (39.92)    365          28           0
09:58:19 1800  500    0 38.95 (39.92)    322          29           0
09:58:21 1800  500    0 38.95 (39.92)    293          58           0
09:58:23 1800  500    0 39.43 (39.92)    323          29           0
09:58:25 1800  500    0 39.92 (39.92)    354          83          32
09:58:28 1800  500    0 39.43 (39.92)    296          57           0
09:58:30 1800  500    0 39.43 (39.92)    286          58          20
09:58:32 1800  500    0 39.43 (39.92)    326          28           0
09:58:34 1800  500    0 40.41 (40.41)    343          29           0
09:58:36 1800  500    0 38.46 (40.41)    309          28           0
09:58:38 1800  500    0 39.92 (40.41)    306          29           0
09:58:40 1800  500    0 38.95 (40.41)    318          28           0
09:58:42 1800  500    0 39.92 (40.41)    353          29           0
09:58:44 1800  500    0 38.95 (40.41)    298          29           0
09:58:46 1800  500    0 39.92 (40.41)    318          29           0
09:58:48 1800  500    0 40.41 (40.41)    352          29           0
09:58:50 1800  500    0 40.41 (40.41)    300          29           0
09:58:52 1800  500    0 39.92 (40.41)    286          29           0
09:58:54 1800  500    0 39.92 (40.41)    321          83          32
09:58:56 1800  500    0 39.92 (40.41)    350          29           0
09:58:58 1800  500    0 39.43 (40.41)    290          29           0
09:59:00 1800  500    0 40.89 (40.89)    319          59         123
09:59:02 1800  500    0 39.92 (40.89)    357          29         205
09:59:04 1800  500    0 39.43 (40.89)    358          29         102
09:59:06 1800  500    0 39.43 (40.89)    295          29           0
09:59:08 1800  500    0 40.41 (40.89)    322          29           0
09:59:11 1800  500    0 38.95 (40.89)    323          28           0
09:59:13 1800  500    0 39.92 (40.89)    286          29           0
09:59:15 1800  500    0 39.92 (40.89)    278          29           0
09:59:17 1800  500    0 38.95 (40.89)    358          28           0
09:59:19 1800  500    0 40.89 (40.89)    315          29           0
09:59:21 1800  500    0 39.43 (40.89)    306          29           0
09:59:23 1800  500    0 38.95 (40.89)    303          29           0
09:59:25 1800  500    0 40.41 (40.89)    317          83          32
09:59:27 1800  500    0 39.43 (40.89)    377          57           0
09:59:29 1800  500    0 39.92 (40.89)    302          58          20
09:59:31 1800  500    0 40.89 (40.89)    293          29           0
09:59:33 1800  500    0 39.92 (40.89)    292          28           0
09:59:35 1800  500    0 40.41 (40.89)    287          29           0
09:59:37 1800  500    0 40.41 (40.89)    290          29           0
09:59:39 1800  500    0 39.92 (40.89)    338          28           0
09:59:41 1800  500    0 39.43 (40.89)    322          29           0
09:59:43 1800  500    0 40.41 (40.89)    285          59           0
09:59:46 1800  500    0 41.38 (41.38)    303          28           0
09:59:48 1800  500    0 39.92 (41.38)    288          29           0
09:59:50 1800  500    0 38.95 (41.38)    291          29           0
09:59:52 1800  500    0 39.92 (41.38)    290          29           0
09:59:54 1800  500    0 39.92 (41.38)    299          29           0
09:59:56 1800  500    0 39.92 (41.38)    313          80          31
09:59:58 1800  500    0 39.43 (41.38)    289          29           0
10:00:00 1800  500    0 39.92 (41.38)    293          58          20
10:00:02 1800  500    0 40.89 (41.38)    345          28           0
10:00:04 1800  500    0 39.43 (41.38)    296          29           0
10:00:06 1800  500    0 39.43 (41.38)    301          29           0
10:00:08 1800  500    0 40.41 (41.38)    336          28           0
10:00:10 1800  500    0 40.41 (41.38)    321          29           0
10:00:12 1800  500    0 39.43 (41.38)    298          29           0
10:00:14 1800  500    0 39.92 (41.38)    287          29           0
10:00:16 1800  500    0 39.43 (41.38)    297          29           0
10:00:18 1800  500    0 40.41 (41.38)    299          28           0
10:00:20 1800  500    0 40.41 (41.38)    294          29           0
10:00:22 1800  500    0 40.41 (41.38)    301          29           0
10:00:25 1800  500    0 40.41 (41.38)    308          80          31
10:00:27 1800  500    0 39.92 (41.38)    295          58           0
10:00:29 1800  500    0 40.41 (41.38)    320          29           0
10:00:31 1800  500    0 40.89 (41.38)    372         146          51
10:00:33 1800  500    0 39.43 (41.38)    313          29           0
10:00:35 1800  500    0 39.43 (41.38)    295          88          41
10:00:37 1800  500    0 40.41 (41.38)    327          29           0
10:00:39 1800  500    0 40.41 (41.38)    385          29           0
10:00:41 1800  500    0 39.92 (41.38)    315          28           0
10:00:43 1800  500    0 39.43 (41.38)    292          29           0
10:00:45 1800  500    0 40.89 (41.38)    289          29           0
10:00:47 1800  500    0 39.92 (41.38)    308          28           0
10:00:49 1800  500    0 39.43 (41.38)    287          29           0
10:00:51 1800  500    0 40.41 (41.38)    323          29           0
10:00:53 1800  500    0 40.41 (41.38)    319          28           0
10:00:55 1800  500    0 39.92 (41.38)    324          83          32
10:00:57 1800  500    0 40.41 (41.38)    292          59           0
10:00:59 1800  500    0 39.43 (41.38)    311          56          19
10:01:02 1800  500    0 40.41 (41.38)    343          29         205
10:01:04 1800  500    0 40.41 (41.38)    303         281         205
10:01:06 1800  500    0 40.89 (41.38)    332       1,085           0
10:01:08 1800  500    0 39.92 (41.38)    333         306           0
10:01:10 1800  500    0 41.38 (41.38)    331         307           0
10:01:12 1800  500    0 39.92 (41.38)    325          28           0
10:01:14 1800  500    0 40.41 (41.38)    294          29           0
10:01:16 1800  500    0 40.89 (41.38)    296          71           0
10:01:18 1800  500    0 40.41 (41.38)    299         110           0
10:01:20 1800  500    0 39.92 (41.38)    286          29           0
10:01:22 1800  500    0 39.92 (41.38)    308          29           0
10:01:24 1800  500    0 40.89 (41.38)    311          81          31
10:01:26 1800  500    0 40.89 (41.38)    290          29           0
10:01:28 1800  500    0 40.89 (41.38)    289          29           0
10:01:30 1800  500    0 39.43 (41.38)    308          57          20
10:01:32 1800  500    0 39.92 (41.38)    294          29           0
10:01:34 1800  500    0 40.41 (41.38)    293          29           0
10:01:36 1800  500    0 40.41 (41.38)    304          28           0
10:01:39 1800  500    0 40.89 (41.38)    289          29           0
10:01:41 1800  500    0 40.41 (41.38)    290          29           0
10:01:43 1800  500    0 39.43 (41.38)    311          28           0
10:01:45 1800  500    0 41.38 (41.38)    291          29           0
10:01:47 1800  500    0 40.89 (41.38)    298          29           0
10:01:49 1800  500    0 40.41 (41.38)    297          28           0
10:01:51 1800  500    0 39.92 (41.38)    289          29           0
10:01:53 1800  500    0 41.38 (41.38)    292          29           0
10:01:55 1800  500    0 40.41 (41.38)    304          80          31
10:01:57 1800  500    0 39.92 (41.38)    327         199         189
10:01:59 1800  500    0 40.89 (41.38)    297         228         105
10:02:01 1800  500    0 40.41 (41.38)    336          28           0
10:02:03 1800  500    0 40.41 (41.38)    293          29           0
10:02:05 1800  500    0 40.89 (41.38)    294          29           0
10:02:07 1800  500    0 40.41 (41.38)    301          28           0
10:02:09 1800  500    0 40.41 (41.38)    330          29           0
10:02:11 1800  500    0 40.41 (41.38)    360          59           0
10:02:14 1800  500    0 40.89 (41.38)    318          28           0
10:02:16 1800  500    0 40.89 (41.38)    333          29           0
10:02:18 1800  500    0 40.41 (41.38)    305          29           0
10:02:20 1800  500    0 40.89 (41.38)    355          29           0
10:02:22 1800  500    0 41.87 (41.87)    401          29           0
10:02:24 1800  500    0 39.92 (41.87)    306          28           0
10:02:26 1800  500    0 41.87 (41.87)    723          83          32
10:02:28 1800  500    0 41.87 (41.87)    324          29         102
10:02:30 1800  500    0 40.89 (41.87)    411         273         435
10:02:32 1800  500    0 41.38 (41.87)    336          29         263
10:02:34 1800  500    0 41.87 (41.87)    322          29          80
10:02:36 1800  500    0 40.89 (41.87)    433          28          99
10:02:38 1800  500    0 40.89 (41.87)    420         238         516
10:02:40 1800  500    0 41.38 (41.87)    449         233         404
10:02:42 1800  500    0 41.38 (41.87)    377          29         286
10:02:44 1800  500    0 40.41 (41.87)    365         456         632
10:02:46 1800  500    0 41.38 (41.87)    339          29         264
10:02:48 1800  500    0 42.35 (42.35)    340          29          80
10:02:50 1800  500    0 41.38 (42.35)    296          29           0
10:02:52 1800  500    0 40.41 (42.35)    454          29           0
10:02:55 1800  500    0 40.41 (42.35)    364         494         643
10:02:57 1800  500    0 40.89 (42.35)    326          29         286
10:02:59 1800  500    0 41.87 (42.35)    341          29          80
10:03:01 1800  500    0 41.87 (42.35)    358          57          98
10:03:03 1800  500    0 41.38 (42.35)    309          29           0
10:03:05 1800  500    0 40.89 (42.35)    289          29           0
10:03:07 1800  500    0 40.41 (42.35)    297          29           0
10:03:09 1800  500    0 40.89 (42.35)    400          29           0
10:03:11 1800  500    0 40.89 (42.35)    315          28           0
10:03:13 1800  500    0 40.89 (42.35)    336          58           0
10:03:15 1800  500    0 41.38 (42.35)    305          28           0
10:03:17 1800  500    0 41.38 (42.35)    295          29           0
10:03:19 1800  500    0 41.87 (42.35)    302          28           0
10:03:21 1800  500    0 41.38 (42.35)    303          29           0
10:03:23 1800  500    0 40.89 (42.35)    300          56           0
10:03:25 1800  500    0 40.89 (42.35)    820          83          32
10:03:27 1800  500    0 41.38 (42.35)    333          29         102
10:03:29 1800  500    0 40.41 (42.35)    450         494         545
10:03:32 1800  500    0 41.38 (42.35)    772          29         264
10:03:34 1800  500    0 40.41 (42.35)    359          28         176
10:03:36 1800  500    0 40.41 (42.35)    429         310         468
10:03:38 1800  500    0 42.35 (42.35)    330          29         262
10:03:40 1800  500    0 41.38 (42.35)    835          28          78
10:03:42 1800  500    0 41.38 (42.35)    425          29         102
10:03:44 1800  500    0 40.89 (42.35)    340         231         401
10:03:46 1800  500    0 41.87 (42.35)    368          29         263
10:03:48 1800  500    0 40.89 (42.35)    417          28          77
10:03:50 1800  500    0 40.89 (42.35)    298          29           0
10:03:52 1800  500    0 41.38 (42.35)    367          28           0
10:03:54 1800  500    0 40.89 (42.35)    411          83          32
10:03:56 1800  500    0 39.92 (42.35)    296          29           0
10:03:58 1800  500    0 40.89 (42.35)    327          29           0
10:04:00 1800  500    0 41.87 (42.35)    292          59          20
10:04:02 1800  500    0 40.89 (42.35)    355          29           0
10:04:04 1800  500    0 41.38 (42.35)    318          29           0
10:04:06 1800  500    0 41.38 (42.35)    350          29           0
10:04:08 1800  500    0 41.87 (42.35)    350          29           0
10:04:11 1800  500    0 40.41 (42.35)    280          29           0
10:04:13 1800  500    0 40.89 (42.35)    276          29           0
10:04:15 1800  500    0 41.38 (42.35)    331          59           0
10:04:17 1800  500    0 41.38 (42.35)    362          29           0
10:04:19 1800  500    0 41.87 (42.35)    289          29           0
10:04:21 1800  500    0 41.87 (42.35)    705          29           0
10:04:23 1800  500    0 41.87 (42.35)    321         242         419
10:04:25 1800  500    0 41.87 (42.35)    676          83         317
10:04:27 1800  500    0 41.38 (42.35)    404         240         411
10:04:29 1800  500    0 41.87 (42.35)    337          58         306
10:04:31 1800  500    0 41.38 (42.35)    328          29          79
10:04:33 1800  500    0 41.38 (42.35)    413          29          80
10:04:35 1800  500    0 40.89 (42.35)    770          29           0
10:04:37 1800  500    0 41.87 (42.35)    312          29         101
10:04:39 1800  500    0 41.87 (42.35)    325         246         602
10:04:41 1800  500    0 41.87 (42.35)    398          29          80
10:04:43 1800  500    0 42.35 (42.35)    857          29          80
10:04:45 1800  500    0 40.89 (42.35)    427         235         406
10:04:47 1800  500    0 41.38 (42.35)    329          29         286
10:04:49 1800  500    0 41.87 (42.35)    808          29          80
10:04:51 1800  500    0 41.38 (42.35)    330         277         504
10:04:53 1800  500    0 41.38 (42.35)    401          29         286
10:04:56 1800  500    0 40.89 (42.35)    335          81         110
10:04:58 1800  500    0 41.87 (42.35)    382          58         100
10:05:00 1800  500    0 40.89 (42.35)    466          29         102
10:05:02 1800  500    0 41.87 (42.35)    435         237         508
10:05:04 1800  500    0 40.89 (42.35)    370         247         423
10:05:06 1800  500    0 40.89 (42.35)    336          29         264
10:05:08 1800  500    0 40.89 (42.35)    335          29          80
10:05:10 1800  500    0 41.87 (42.35)    406          29           0
10:05:12 1800  500    0 41.87 (42.35)    349          29           0
10:05:14 1800  500    0 41.87 (42.35)    376          59           0
10:05:16 1800  500    0 40.89 (42.35)    300          28           0
10:05:18  600  297    0 40.41 (42.35)    213          29           0
10:05:20  600  297    0 39.43 (42.35)    116          29           0
10:05:22  600  297    0 37.97 (42.35)    116          29           0
10:05:24  600  297    0 37.97 (42.35)    114          82          31
10:05:26  600  297    0 36.51 (42.35)    103          29           0
10:05:28  600  297    0 36.51 (42.35)    758          58           0
10:05:30  600  297    0 37.00 (42.35)    136          87         121
10:05:32  600  297    0 37.00 (42.35)    265         246         419
10:05:35  600  297    0 37.48 (42.35)    693          29         260
10:05:37  600  297    0 36.51 (42.35)    168          29         180
10:05:39 1800  500    0 36.51 (42.35)    642         244         420
10:05:41  800  297    0 36.51 (42.35)    258          29         283
10:05:43  600  297    0 35.54 (42.35)    138         242         415
10:05:45  600  297    0 36.51 (42.35)    194          29         260
10:05:47  600  297    0 35.05 (42.35)    218          29          79
10:05:49  600  297    0 36.02 (42.35)    135          29           0
10:05:51  600  297    0 36.51 (42.35)    655          29           0
10:05:53  700  297    0 37.00 (42.35)    184         243         416
10:05:55  600  297    0 37.00 (42.35)    250          82         313
10:05:57  600  297    0 35.54 (42.35)    132          29          79
10:05:59  600  297    0 36.02 (42.35)    140          58          99
10:06:01  600  297    0 36.02 (42.35)    444          29         101
10:06:03  600  297    0 36.02 (42.35)    227         269         514
10:06:05  600  297    0 36.02 (42.35)    259         412         604
10:06:08  600  297    0 35.54 (42.35)    198         195         343
10:06:10  700  297    0 37.00 (42.35)    416          29          79
10:06:12  600  297    0 36.51 (42.35)    279          29         101
10:06:14  600  297    0 36.51 (42.35)    216         471         615
10:06:16  600  297    0 35.05 (42.35)    188          29         260
10:06:18  600  297    0 35.05 (42.35)    168          58          99
10:06:20  600  297    0 36.02 (42.35)    195          29           0
10:06:22  600  297    0 35.54 (42.35)    183          29           0
10:06:24  600  297    0 35.54 (42.35)    227         515         668
10:06:26  600  297    0 35.05 (42.35)    147          29         281
10:06:28  600  297    0 36.51 (42.35)    130          29          79
10:06:30  600  297    0 36.02 (42.35)    197          58          99
10:06:32  600  297    0 35.05 (42.35)    121          29           0
10:06:34  600  297    0 35.05 (42.35)    144          29           0
10:06:36  600  297    0 35.05 (42.35)    108          29           0
10:06:38  600  297    0 35.54 (42.35)    130          29           0
10:06:41  600  297    0 35.05 (42.35)    120          29           0
10:06:43  600  297    0 35.54 (42.35)    122          29           0
10:06:45  600  297    0 35.05 (42.35)    115          29           0
10:06:47  600  297    0 36.02 (42.35)    105          29           0
10:06:49  600  297    0 35.05 (42.35)    111          29           0
10:06:51  600  297    0 35.54 (42.35)    513          28           0
10:06:53  600  297    0 35.05 (42.35)    377          29           0
10:06:55  600  297    0 36.02 (42.35)    256         292         546
10:06:57  600  297    0 36.02 (42.35)    207          29         260
10:06:59  600  297    0 34.56 (42.35)    196          87         120
10:07:01  700  297    0 34.56 (42.35)    279          29           0
10:07:03  600  297    0 35.54 (42.35)    132          29           0
10:07:05  600  297    0 34.56 (42.35)    118          29           0
10:07:07  600  297    0 35.54 (42.35)    175          29           0
10:07:09  600  297    0 34.56 (42.35)    233          58           0
10:07:12  600  297    0 35.54 (42.35)    126          29           0
10:07:14  600  297    0 35.54 (42.35)    662          58           0
10:07:16  600  297    0 33.59 (42.35)    204         242         415
10:07:18  600  297    0 35.05 (42.35)    142          29         281
10:07:20  600  297    0 35.05 (42.35)    172          29          79
10:07:22  700  297    0 35.54 (42.35)    137          29          79
10:07:24  600  297    0 35.05 (42.35)    364          29           0
10:07:26  600  297    0 34.56 (42.35)    230          82         133
10:07:28  600  297    0 35.54 (42.35)    286         237         411
10:07:30  600  297    0 34.56 (42.35)    197          57         279
10:07:32  600  297    0 34.08 (42.35)    140          29          79
10:07:34  600  297    0 34.56 (42.35)    269          29           0
10:07:36  600  297    0 35.54 (42.35)    202          29           0
10:07:38  600  297    0 34.56 (42.35)    136          29           0
10:07:40  600  297    0 35.05 (42.35)    112          29           0
10:07:42  600  297    0 35.54 (42.35)    125          29           0
10:07:45  600  297    0 35.54 (42.35)    195          29           0
10:07:47  600  297    0 35.54 (42.35)    110          29           0
10:07:49  600  297    0 35.05 (42.35)    772          29           0
10:07:51  600  297    0 35.54 (42.35)    258         245         419
10:07:53  600  297    0 34.56 (42.35)    230          29         282
10:07:55  600  297    0 35.05 (42.35)    171          82         111
10:07:57  700  297    0 36.02 (42.35)    259          87         120
10:07:59  700  297    0 35.05 (42.35)    763          29           0
10:08:01  700  297    0 35.05 (42.35)    205         239         413
10:08:03  600  297    0 35.54 (42.35)    224          29         282
10:08:05  600  297    0 34.56 (42.35)    142          29          79
10:08:07  600  297    0 34.56 (42.35)    128          29          79
10:08:09  800  297    0 35.05 (42.35)    475         240         414
10:08:11  700  297    0 36.51 (42.35)    328         253         427
10:08:13  700  297    0 34.56 (42.35)    409          58         282
10:08:15  600  297    0 35.54 (42.35)    239         481         705
10:08:17 1800  500    0 36.51 (42.35)    367          29         286
10:08:20 1800  500    0 37.48 (42.35)    482          27          76
10:08:22 1800  500    0 39.43 (42.35)    404          58         101
10:08:24 1800  500    0 40.41 (42.35)    462          28           0
10:08:26 1800  500    0 40.41 (42.35)    415          83         134
10:08:28 1800  500    0 39.43 (42.35)    431         464         823
10:08:30 1800  500    0 41.38 (42.35)    414          56          96
10:08:32 1800  500    0 40.89 (42.35)    591          29          80
10:08:34 1800  500    0 40.41 (42.35)    388          28           0
10:08:36 1800  500    0 40.89 (42.35)    378          29           0
10:08:38 1800  500    0 40.41 (42.35)    382          28           0
10:08:40 1800  500    0 40.89 (42.35)    397          29           0
10:08:42 1800  500    0 42.35 (42.35)    415          28           0
10:08:44 1800  500    0 42.35 (42.35)  1,017          29           0
10:08:47 1800  500    0 41.87 (42.35)    494          29         102
10:08:49 1800  500    0 41.38 (42.35)    404         235         403
10:08:51 1800  500    0 41.38 (42.35)    858          29         263
10:08:53 1800  500    0 40.89 (42.35)    427          59         204
10:08:55 1800  500    0 41.38 (42.35)    500         288         434
10:08:57 1800  500    0 41.87 (42.35)    555       1,402       1,421
10:08:59 1800  500    0 40.89 (42.35)    523          28          77
10:09:01 1800  500    0 41.87 (42.35)    439          61          64
10:09:03 1800  500    0 42.35 (42.35)    583         234         502
10:09:05 1800  500    0 42.35 (42.35)    461         252         428
10:09:07 1800  500    0 42.84 (42.84)    424          56         295
10:09:09 1800  500    0 42.35 (42.84)    533          29          80
10:09:11 1800  500    0 42.84 (42.84)    444          56          77
10:09:13 1800  500    0 43.33 (43.33)    386          59           0
10:09:16 1800  500    0 42.84 (43.33)    873          28           0
10:09:18 1800  500    0 42.84 (43.33)    554          29         102
10:09:20 1800  500    0 42.35 (43.33)    411         234         403
10:09:22 1800  500    0 42.84 (43.33)    513          29         263
10:09:24 1800  500    0 42.35 (43.33)    505         107         127
10:09:26 1800  500    0 42.35 (43.33)    387          29           0
10:09:28 1800  500    0 42.84 (43.33)    410          28           0
10:09:30 1800  500    0 42.84 (43.33)    496          29           0
10:09:32 1800  500    0 42.84 (43.33)    393          29           0
10:09:34 1800  500    0 42.35 (43.33)    375          28           0
10:09:36 1800  500    0 43.33 (43.33)    377          29           0
10:09:38 1800  500    0 42.84 (43.33)    444          28           0
10:09:41 1800  500    0 44.30 (44.30)    411          29           0
10:09:43 1800  500    0 42.35 (44.30)    465          28           0
10:09:45 1800  500    0 42.35 (44.30)    380          28           0
10:09:47 1800  500    0 43.82 (44.30)    394          29           0
10:09:49 1800  500    0 42.84 (44.30)    377          29           0
10:09:51 1800  500    0 42.84 (44.30)    432          28           0
10:09:53 1800  500    0 42.35 (44.30)    382          29           0
10:09:55 1800  500    0 43.33 (44.30)    382          80          31
10:09:57 1800  500    0 43.33 (44.30)    417          29           0
10:09:59 1800  500    0 42.35 (44.30)    412          85          39
10:10:01 1800  500    0 42.84 (44.30)    418          29           0
10:10:03 1800  500    0 42.84 (44.30)    383          56           0
10:10:05 1800  500    0 44.30 (44.30)    442          29           0
10:10:08 1800  500    0 43.82 (44.30)    470          28           0
10:10:10 1800  500    0 43.82 (44.30)    384          29           0
10:10:12 1800  500    0 42.84 (44.30)    784          28           0
10:10:14 1800  500    0 43.33 (44.30)    430         240         416
10:10:16 1800  500    0 43.82 (44.30)    610          28         277
10:10:18 1800  500    0 41.87 (44.30)    390          29          80
10:10:20 1800  500    0 42.84 (44.30)    388          29          80
10:10:22 1800  500    0 42.84 (44.30)    610         232         402
10:10:24 1800  500    0 43.82 (44.30)    441          83         237
10:10:26 1800  500    0 43.33 (44.30)    442         245         421
10:10:28 1800  500    0 45.28 (45.28)    431          58         283
10:10:30 1800  500    0 44.79 (45.28)    413          29          80
10:10:32 1800  500    0 42.84 (45.28)    416          29           0
10:10:34 1800  500    0 42.35 (45.28)    383          29           0
10:10:36 1800  500    0 42.84 (45.28)    608          28           0
10:10:38 1800  500    0 43.82 (45.28)    525          29           0
10:10:40 1800  500    0 42.84 (45.28)    381          58           0
10:10:43 1800  500    0 42.84 (45.28)    490          29           0
10:10:45 1800  500    0 43.33 (45.28)    378          29           0
10:10:47 1800  500    0 43.82 (45.28)    377          28           0
10:10:49 1800  500    0 43.33 (45.28)    372          29           0
10:10:51 1800  500    0 43.82 (45.28)    379          28           0
10:10:53 1800  500    0 42.84 (45.28)    387          29           0
10:10:55 1800  500    0 44.79 (45.28)    388          83          32
10:10:57 1800  500    0 43.82 (45.28)    372          28           0
10:10:59 1800  500    0 42.84 (45.28)    375          58          20
10:11:01 1800  500    0 43.82 (45.28)    841          29           0
10:11:03 1800  500    0 43.33 (45.28)    421          29         102
10:11:05 1800  500    0 42.84 (45.28)    435         235         410
10:11:07 1800  500    0 43.33 (45.28)    437          29         264
10:11:09 1800  500    0 44.30 (45.28)    449          58          99
10:11:11 1800  500    0 42.35 (45.28)    456          29           0
10:11:13 1800  500    0 43.33 (45.28)    789         326         274
10:11:15 1800  500    0 43.82 (45.28)    420          71         102
10:11:17 1800  500    0 43.82 (45.28)    478         267         411
10:11:20 1800  500    0 43.33 (45.28)    410          28         254
10:11:22 1800  500    0 44.30 (45.28)    407          29          80
10:11:24 1800  500    0 44.30 (45.28)    542          29         102
10:11:26 1800  500    0 44.30 (45.28)    486         302         457
10:11:28 1800  500    0 43.82 (45.28)    458         243         603
10:11:30 1800  500    0 43.33 (45.28)    443          28         275
10:11:32 1800  500    0 42.84 (45.28)    419          28          77
10:11:34 1800  500    0 43.82 (45.28)    503          57          98
10:11:36 1800  500    0 45.28 (45.28)    376          28           0
10:11:38 1800  500    0 42.84 (45.28)    595          29           0
10:11:40 1800  500    0 43.82 (45.28)    453         465         606
10:11:42 1800  500    0 43.82 (45.28)    429          29         286
10:11:44 1800  500    0 43.33 (45.28)    404          28          77
10:11:46 1800  500    0 43.82 (45.28)    398          29          80
10:11:49 1800  500    0 43.82 (45.28)    579          28           0
10:11:51 1800  500    0 43.82 (45.28)    390          29         102
10:11:53 1800  500    0 43.33 (45.28)    448         432         602
10:11:55 1800  500    0 44.79 (45.28)    450          83         295
10:11:57 1800  500    0 43.33 (45.28)    479          57          98
10:11:59 1800  500    0 44.79 (45.28)    393          29           0
10:12:01 1800  500    0 44.30 (45.28)    404          29           0
10:12:03 1800  500    0 43.82 (45.28)    398          27           0
10:12:05 1800  500    0 42.84 (45.28)    379          29           0
10:12:07 1800  500    0 42.84 (45.28)    380          28           0
10:12:09 1800  500    0 44.30 (45.28)    567          29           0
10:12:11 1800  500    0 44.30 (45.28)    427          55           0
10:12:13 1800  500    0 43.82 (45.28)    380          29           0
10:12:16 1800  500    0 43.82 (45.28)    389          28           0
10:12:18 1800  500    0 43.33 (45.28)    587          29           0
10:12:20 1800  500    0 44.79 (45.28)    373          29           0
10:12:22 1800  500    0 44.30 (45.28)    371          29           0
10:12:24 1800  500    0 42.84 (45.28)    397          29           0
10:12:26 1800  500    0 43.33 (45.28)    377          83          32
10:12:28 1800  500    0 42.84 (45.28)    402          28           0
10:12:30 1800  500    0 44.79 (45.28)    390          58          20
10:12:32 1800  500    0 43.33 (45.28)    382          28           0
10:12:34 1800  500    0 43.82 (45.28)    379          29           0
10:12:36 1800  500    0 44.30 (45.28)    365          28           0
10:12:38 1800  500    0 44.30 (45.28)    388          29           0
10:12:40 1800  500    0 44.79 (45.28)    384          58           0
10:12:42 1800  500    0 44.79 (45.28)    378          28           0
10:12:44 1800  500    0 44.30 (45.28)    374          29           0
10:12:46 1800  500    0 43.82 (45.28)    380          28           0
10:12:49 1800  500    0 43.33 (45.28)    383          29           0
10:12:51 1800  500    0 44.30 (45.28)    382          28           0
10:12:53 1800  500    0 44.30 (45.28)    377          29           0
10:12:55 1800  500    0 44.30 (45.28)    387          80          31
10:12:57 1800  500    0 43.82 (45.28)    393          28           0
10:12:59 1800  500    0 44.30 (45.28)    384          29           0
10:13:01 1800  500    0 43.82 (45.28)    418          56          19
10:13:03 1800  500    0 44.79 (45.28)    393          29           0
10:13:05 1800  500    0 44.30 (45.28)    398         281           0
10:13:07 1800  500    0 43.33 (45.28)    371          27           0
10:13:09 1800  500    0 44.30 (45.28)    481          29           0
10:13:11 1800  500    0 43.82 (45.28)    462          56           0
10:13:13 1800  500    0 42.84 (45.28)    377          29           0
10:13:16 1800  500    0 43.82 (45.28)    509          29           0
10:13:18 1800  500    0 43.33 (45.28)    390          29           0
10:13:20 1800  500    0 43.82 (45.28)    375          29           0
10:13:22 1800  500    0 43.33 (45.28)    484          27           0
10:13:24 1800  500    0 44.30 (45.28)    390          29           0
10:13:26 1800  500    0 43.33 (45.28)    380          80          31
10:13:28 1800  500    0 44.30 (45.28)    387          29           0
10:13:30 1800  500    0 45.28 (45.28)    382          56          19
10:13:32 1800  500    0 43.82 (45.28)    401          29           0
10:13:34 1800  500    0 43.33 (45.28)    392          29           0
10:13:36 1800  500    0 43.82 (45.28)    579          28           0
10:13:38 1800  500    0 43.33 (45.28)    380          29           0
10:13:40 1800  500    0 43.33 (45.28)    383          56           0
10:13:42 1800  500    0 44.30 (45.28)    386          29           0
10:13:45 1800  500    0 43.33 (45.28)    379          28           0
10:13:47 1800  500    0 43.82 (45.28)    377          29           0
10:13:49 1800  500    0 44.30 (45.28)    381          29           0
10:13:51 1800  500    0 44.30 (45.28)    582          28          97
10:13:53 1800  500    0 43.33 (45.28)    393          29         204
10:13:55 1800  500    0 43.82 (45.28)    418          80         130
10:13:57 1800  500    0 43.33 (45.28)    380          29           0
10:13:59 1800  500    0 44.30 (45.28)    374          28           0
10:14:01 1800  500    0 44.30 (45.28)    415          58          20
10:14:03 1800  500    0 44.79 (45.28)    382          28           0
10:14:05 1800  500    0 43.82 (45.28)    383          29           0
10:14:07 1800  500    0 43.33 (45.28)    379          56           0
10:14:09 1800  500    0 43.82 (45.28)    463          29           0
10:14:12 1800  500    0 43.82 (45.28)    435          28           0
10:14:14 1800  500    0 44.30 (45.28)    374          29           0
10:14:16 1800  500    0 43.82 (45.28)    396          28           0
10:14:18 1800  500    0 44.79 (45.28)  1,076          29           0
10:14:20 1800  500    0 44.79 (45.28)    480          27          97
10:14:22 1800  500    0 44.30 (45.28)    410         245         421
10:14:24 1800  500    0 44.79 (45.28)  1,003          28         258
10:14:26 1800  500    0 44.30 (45.28)    445         112         235
10:14:28 1800  500    0 45.28 (45.28)    612         248         423
10:14:30 1800  500    0 44.79 (45.28)    409          29         264
10:14:32 1800  500    0 44.30 (45.28)    449          29          80
10:14:34 1800  500    0 44.79 (45.28)    587          29           0
10:14:36 1800  500    0 44.30 (45.28)    480          29         102
10:14:38 1800  500    0 44.79 (45.28)    457         240         416
10:14:40 1800  500    0 43.33 (45.28)    553          57         257
10:14:42 1800  500    0 44.79 (45.28)    447         496         663
10:14:44 1800  500    0 44.79 (45.28)    409          29         285
10:14:47 1800  500    0 44.30 (45.28)    430         284         313
10:14:49 1800  500    0 44.79 (45.28)    490         114         122
10:14:51 1800  500    0 44.79 (45.28)    422          29           0
10:14:53 1800  500    0 43.82 (45.28)    491         462         638
10:14:55 1800  500    0 44.30 (45.28)    426          83         318
10:14:57 1800  500    0 43.82 (45.28)    400          28          77
10:14:59 1800  500    0 44.79 (45.28)    402          58         101
10:15:01 1800  500    0 44.79 (45.28)    413          28           0
10:15:03 1800  500    0 45.28 (45.28)    414          29           0
10:15:05 1800  500    0 44.79 (45.28)    389          29           0
10:15:07 1800  500    0 43.33 (45.28)    451          28           0
10:15:09 1800  500    0 45.28 (45.28)    458          29           0
10:15:11 1800  500    0 45.28 (45.28)    402          29           0
10:15:13 1800  500    0 45.28 (45.28)    419          28           0
10:15:15 1800  500    0 45.28 (45.28)    382          56           0
10:15:17 1800  500    0 43.33 (45.28)    362          29           0
10:15:20  600  297    0 41.38 (45.28)    111          29           0
10:15:22  600  297    0 39.92 (45.28)    107          29           0
10:15:24  600  297    0 38.95 (45.28)    206          29           0
10:15:26  600  297    0 38.46 (45.28)    125          82          31
10:15:28  600  297    0 38.95 (45.28)    174          29           0
10:15:30  600  297    0 38.95 (45.28)    115          87          40
10:15:32  600  297    0 37.00 (45.28)    103          29           0
10:15:34  600  297    0 38.46 (45.28)    198          29           0
10:15:36  600  297    0 37.97 (45.28)    145          29           0
10:15:38  600  297    0 37.97 (45.28)    136          29           0
10:15:40  600  297    0 37.97 (45.28)    132          58           0
10:15:42  600  297    0 37.97 (45.28)    144          29           0
10:15:44  600  297    0 37.97 (45.28)     95          29           0
10:15:46  600  297    0 38.46 (45.28)    108          29           0
10:15:48  600  297    0 37.48 (45.28)    128          29           0
10:15:50  600  297    0 37.48 (45.28)    107          29           0
10:15:53  600  297    0 36.51 (45.28)    105          29           0
10:15:55  600  297    0 37.00 (45.28)    123          82          31
10:15:57  600  297    0 37.00 (45.28)    100          29           0
10:15:59  600  297    0 37.00 (45.28)    128          29           0
10:16:01  600  297    0 37.48 (45.28)    157          29           0
10:16:03  700  297    0 37.48 (45.28)    124          29           0
10:16:05  600  297    0 36.51 (45.28)    118          29           0
10:16:07  700  297    0 36.51 (45.28)    116          29           0
10:16:09  600  297    0 37.00 (45.28)    272          29           0
10:16:11  600  297    0 36.51 (45.28)    157          29           0
10:16:13  600  297    0 36.51 (45.28)    174          29           0
10:16:15  600  297    0 36.02 (45.28)    130          29           0
10:16:17  600  297    0 36.02 (45.28)    113          29           0
10:16:19  600  297    0 36.02 (45.28)    114          29           0
10:16:21  600  297    0 36.51 (45.28)    115          58           0
10:16:23  600  297    0 36.51 (45.28)    148          29           0
10:16:26  600  297    0 35.54 (45.28)    122          82          31
10:16:28  600  297    0 35.05 (45.28)    176          29           0
10:16:30  600  297    0 37.00 (45.28)    142          87          40
10:16:32  600  297    0 36.02 (45.28)    190          29           0
10:16:34  600  297    0 36.51 (45.28)    117          29           0
10:16:36  600  297    0 35.54 (45.28)    119          29           0
10:16:38  600  297    0 36.51 (45.28)    129          29           0
10:16:40  600  297    0 36.02 (45.28)    112          58           0
10:16:42  600  297    0 36.51 (45.28)    122          29           0
10:16:44  600  297    0 37.00 (45.28)    103          29           0
10:16:46  600  297    0 36.51 (45.28)    113          29           0
10:16:48  600  297    0 35.05 (45.28)    104          29           0
10:16:50  600  297    0 37.00 (45.28)    130          29           0
10:16:52  600  297    0 35.54 (45.28)    186          29         101
10:16:54  600  297    0 35.54 (45.28)    167          82         234
10:16:56  600  297    0 36.02 (45.28)    125          29         101
10:16:59  700  297    0 35.54 (45.28)    118          29           0
10:17:01  600  297    0 36.02 (45.28)    143          87          40
10:17:03  600  297    0 35.54 (45.28)    202          29           0
10:17:05  600  297    0 35.54 (45.28)    684          29           0
10:17:07  800  297    0 35.05 (45.28)    196          29         101
10:17:09  600  297    0 35.54 (45.28)    200         239         412
10:17:11  600  297    0 36.02 (45.28)    248          29         260
10:17:13  600  297    0 36.02 (45.28)    133          29          79
10:17:15  600  297    0 35.54 (45.28)    113          29           0
10:17:17  600  297    0 36.51 (45.28)    161          29           0
10:17:19  600  297    0 35.54 (45.28)    232          29           0
10:17:21  600  297    0 36.02 (45.28)    404          29           0
10:17:23  600  297    0 35.05 (45.28)    363          29           0
10:17:25  600  297    0 36.02 (45.28)    156         298         551
10:17:27  600  297    0 36.02 (45.28)    250          29         261
10:17:29  600  297    0 35.54 (45.28)    161         116         120
10:17:32  600  297    0 35.54 (45.28)    195          29           0
10:17:34  800  297    0 36.02 (45.28)    459         241         416
10:17:36  600  297    0 36.51 (45.28)    203         245         519
10:17:38  600  297    0 35.05 (45.28)    380          29         283
10:17:40  600  297    0 35.54 (45.28)    232          29         180
10:17:42  600  297    0 35.05 (45.28)    205         475         619
10:17:44  600  297    0 37.48 (45.28)    244          29         260
10:17:46  600  297    0 35.54 (45.28)    145          29          79
10:17:48  600  297    0 35.54 (45.28)    136          29           0
10:17:50  600  297    0 35.05 (45.28)    185          29           0
10:17:52  600  297    0 35.54 (45.28)    211         452         626
10:17:54  600  297    0 35.54 (45.28)    194          29         282
10:17:56  600  297    0 34.56 (45.28)    126          82         111
10:17:58  600  297    0 35.05 (45.28)    126          58          99
10:18:00  600  297    0 35.05 (45.28)    121          58          20
10:18:02  600  297    0 35.54 (45.28)    162          29           0
10:18:05  600  297    0 35.54 (45.28)    117          29           0
10:18:07  700  297    0 35.54 (45.28)    119          29           0
10:18:09  600  297    0 35.54 (45.28)    256          29           0
10:18:11  600  297    0 36.02 (45.28)    157          29           0
10:18:13  600  297    0 35.54 (45.28)    175          29           0
10:18:15  600  297    0 35.05 (45.28)    192          29           0
10:18:18 1800  500    0 37.48 (45.28)    300          37           0
10:18:23 1800  500    0 41.38 (45.28)    505          26           0
10:18:27 1800  500    0 40.41 (45.28)    460          50          14
10:18:32 1800  500    0 43.33 (45.28)    459          65          18
10:18:36 1800  500    0 43.33 (45.28)    460          26           0
10:18:40 1800  500    0 43.33 (45.28)    458          31           0
10:18:43 1800  500    0 42.35 (45.28)    462          35           0
10:18:48 1800  500    0 44.79 (45.28)    460          40           0
10:18:53 1800  500    0 43.33 (45.28)    459          24           0
10:18:57 1800  500    0 43.33 (45.28)    471          54          15
10:19:01 1800  500    0 44.30 (45.28)    474          61          21
10:19:05 1800  500    0 45.28 (45.28)    464          27           0
10:19:09 1800  500    0 45.28 (45.28)    497          27           0
10:19:13 1800  500    0 45.76 (45.76)    478          31           0
10:19:19 1800  500    0 45.76 (45.76)    464          33           0
10:19:23 1800  500    0 45.76 (45.76)    472         202         139
10:19:27 1800  500    0 45.76 (45.76)    459          53          15
10:19:32 1800  500    0 46.25 (46.25)    512          64          18
10:19:36 1800  500    0 45.76 (46.25)    475          29           0
10:19:40 1800  500    0 46.25 (46.25)    469          57          19
10:19:45 1800  500    0 45.28 (46.25)    586          30           0
10:19:49 1800  500    0 46.25 (46.25)    460          25           0
10:19:52 1800  500    0 44.79 (46.25)    467          37         130
10:19:55 1800  500    0 44.79 (46.25)    490          53         153
10:19:59 1800  500    0 45.28 (46.25)    454          70          19
10:20:04 1800  500    0 46.25 (46.25)    467          26           0
10:20:08 1800  500    0 46.74 (46.74)    475          32           0
10:20:12 1800  500    0 47.23 (47.23)    504          27           0
10:20:17 1800  500    0 45.76 (47.23)    459          26           0
10:20:21 1800  500    0 46.25 (47.23)    462          27           0
10:20:26 1800  500    0 45.76 (47.23)    470          57          13
10:20:31 1800  500    0 45.28 (47.23)    459          52          18
10:20:35 1800  500    0 46.25 (47.23)    461          30           0
10:20:39 1800  500    0 46.25 (47.23)    457          26           0
10:20:44 1800  500    0 46.25 (47.23)    667          51          44
10:20:48 1800  500    0 45.76 (47.23)    516         120         305
10:20:53 1800  500    0 46.74 (47.23)    508          26          36
10:20:57 1800  500    0 45.76 (47.23)    472          60          17
10:21:01 1800  500    0 46.25 (47.23)    501          55          19
10:21:05 1800  500    0 46.25 (47.23)    528          31           0
10:21:09 1800  500    0 47.23 (47.23)    673          28           0
10:21:13 1800  500    0 47.23 (47.23)    515         135         261
10:21:17 1800  500    0 46.74 (47.23)    473          39         152
10:21:22 1800  500    0 46.25 (47.23)    614         218         329
10:21:26 1800  500    0 46.74 (47.23)    513         261         462
10:21:30 1800  500    0 47.71 (47.71)    523          31          86
10:21:34 1800  500    0 45.28 (47.71)    544         231         301
10:21:38 1800  500    0 46.25 (47.71)    481          31         195
10:21:41 1800  500    0 45.28 (47.71)    474          73          76
10:21:46 1800  500    0 46.74 (47.71)    454          40           0
10:21:50 1800  500    0 46.25 (47.71)    461          25           0
10:21:55 1800  500    0 46.25 (47.71)    494          47          13
10:21:59 1800  500    0 47.23 (47.71)    471          29           0
10:22:03 1800  500    0 47.23 (47.71)    471          37           0
10:22:07 1800  500    0 46.74 (47.71)    453          26           0
10:22:11 1800  500    0 45.28 (47.71)    499          27           0
10:22:15 1800  500    0 47.23 (47.71)    456          31           0
10:22:19 1800  500    0 46.25 (47.71)    461          35           0
10:22:24 1800  500    0 46.74 (47.71)    500          35           0
10:22:27 1800  500    0 47.23 (47.71)    516          45          17
10:22:32 1800  500    0 46.74 (47.71)    463          66          18
10:22:36 1800  500    0 46.74 (47.71)    453          31           0
10:22:40 1800  500    0 46.74 (47.71)    709          27          47
10:22:44 1800  500    0 45.28 (47.71)    519         157         353
10:22:48 1800  500    0 46.74 (47.71)    496          32          44
10:22:52 1800  500    0 47.23 (47.71)    472          25           0
10:22:56 1800  500    0 46.25 (47.71)    501          60          45
10:23:00 1800  500    0 47.23 (47.71)    511         184          20
10:23:05 1800  500    0 47.23 (47.71)    647          25          44
10:23:09 1800  500    0 47.23 (47.71)    559         151         375
10:23:13 1800  500    0 47.71 (47.71)    539          65          99
10:23:17 1800  500    0 46.25 (47.71)    508         252         431
10:23:22 1800  500    0 46.74 (47.71)    473          24         182
10:23:27 1800  500    0 46.74 (47.71)    533          50          14
10:23:31 1800  500    0 46.74 (47.71)    575         254         331
10:23:35 1800  500    0 47.23 (47.71)    476          30         188
10:23:39 1800  500    0 47.23 (47.71)    528          27          37
10:23:43 1800  500    0 46.74 (47.71)    495         277         491
10:23:47 1800  500    0 47.23 (47.71)    468          41          75
10:23:52 1800  500    0 46.74 (47.71)    643          27           0
10:23:56 1800  500    0 48.20 (48.20)    476         144         245
10:24:01 1800  500    0 47.71 (48.20)    500          58         152
10:24:05 1800  500    0 46.25 (48.20)    489          18           0
10:24:10 1800  500    0 47.71 (48.20)    484          32           0
10:24:15 1800  500    0 47.71 (48.20)    469          36           0
10:24:20 1800  500    0 46.25 (48.20)    518          28           0
10:24:23 1800  500    0 47.23 (48.20)    540          16           0
10:24:28 1800  500    0 47.23 (48.20)    651          65          62
10:24:31 1800  500    0 47.23 (48.20)    533         156         383
10:24:34 1800  500    0 46.25 (48.20)    523          37         102
10:24:38 1800  500    0 47.23 (48.20)    545          29           0
10:24:43 1800  500    0 47.23 (48.20)    531         119         311
10:24:48 1800  500    0 47.71 (48.20)    455          56          47
10:24:52 1800  500    0 48.69 (48.69)    484          31           0
10:24:56 1800  500    0 47.71 (48.69)    497          62          18
10:25:00 1800  500    0 46.25 (48.69)    500          31           0
10:25:05 1800  500    0 47.71 (48.69)    472         125           0
10:25:10 1800  500    0 47.23 (48.69)    501          37           0
10:25:14 1800  500    0 46.74 (48.69)    466          26           0
10:25:17 1800  500    0 48.20 (48.69)    464          22           0
10:25:19  600  297    0 42.84 (48.69)    182          29           0
10:25:21  600  297    0 41.87 (48.69)    114          29           0
10:25:23  700  297    0 41.38 (48.69)    128          29           0
10:25:25  600  297    0 40.89 (48.69)    173          82          31
10:25:27  600  297    0 39.92 (48.69)    113          29           0
10:25:29  600  297    0 40.89 (48.69)    195          29           0
10:25:31  600  297    0 40.41 (48.69)    110          87          40
10:25:33  600  297    0 38.95 (48.69)    114          58           0
10:25:35  600  297    0 38.95 (48.69)    114          29           0
10:25:38  600  297    0 38.95 (48.69)    105          29           0
10:25:40  600  297    0 39.43 (48.69)    178          29           0
10:25:42  600  297    0 38.95 (48.69)    111          58           0
10:25:44  600  297    0 39.43 (48.69)    114          29           0
10:25:46  600  297    0 39.92 (48.69)    107          29           0
10:25:48  600  297    0 37.97 (48.69)    107          29           0
10:25:50  600  297    0 38.46 (48.69)    127          29           0
10:25:52  600  297    0 37.97 (48.69)    111          29           0
10:25:54  600  297    0 38.46 (48.69)    108          29           0
10:25:56  600  297    0 38.95 (48.69)    112          82          31
10:25:58  600  297    0 37.97 (48.69)    108          29           0
10:26:00  600  297    0 37.97 (48.69)    113          29           0
10:26:02  600  297    0 37.97 (48.69)    158          29           0
10:26:04  700  297    0 37.48 (48.69)    120          29           0
10:26:06  600  297    0 38.46 (48.69)    120          29           0
10:26:08  600  297    0 38.95 (48.69)    160          29           0
10:26:11  600  297    0 37.97 (48.69)    131          29           0
10:26:13  600  297    0 37.00 (48.69)    158          29           0
10:26:15  600  297    0 37.48 (48.69)    106          29           0
10:26:17  600  297    0 37.48 (48.69)    112          29           0
10:26:19  600  297    0 37.48 (48.69)    549          29           0
10:26:21  600  297    0 36.51 (48.69)    294         247         421
10:26:23  800  297    0 37.48 (48.69)    751          29         283
10:26:25  600  297    0 37.97 (48.69)    191          82         212
10:26:27  600  297    0 37.48 (48.69)    164         303         459
10:26:29  600  297    0 36.02 (48.69)    253          29         260
10:26:31  600  297    0 37.00 (48.69)    143          29          79
10:26:33  600  297    0 37.00 (48.69)    194          29           0
10:26:35  600  297    0 37.48 (48.69)    564          29       1,214
10:26:37  600  297    0 36.51 (48.69)    332          29         677
10:26:39  600  297    0 37.48 (48.69)    261         466         898
10:26:41  600  297    0 36.51 (48.69)    213          58         260
10:26:44  600  297    0 36.51 (48.69)    161          29          79
10:26:46  600  297    0 37.48 (48.69)    166          29           0
10:26:48  700  297    0 37.97 (48.69)    146          29         101
10:26:50  600  297    0 37.00 (48.69)    296         451         625
10:26:52  600  297    0 37.00 (48.69)    175          28         259
10:26:54  600  297    0 37.48 (48.69)    149          58          99
10:26:56  600  297    0 37.48 (48.69)    122          82          31
10:26:58  600  297    0 36.51 (48.69)    103          29           0
10:27:00  600  297    0 36.51 (48.69)    115          29           0
10:27:02  600  297    0 36.51 (48.69)    175          29           0
10:27:04  700  297    0 37.00 (48.69)    158          29           0
10:27:06  600  297    0 36.02 (48.69)    148         382           0
10:27:08  600  297    0 37.00 (48.69)    290          58           0
10:27:10  600  297    0 37.00 (48.69)    129          29           0
10:27:12  600  297    0 36.02 (48.69)    195          29           0
10:27:14  600  297    0 36.51 (48.69)    132          29           0
10:27:17  600  297    0 37.00 (48.69)    106          29           0
10:27:19  600  297    0 37.00 (48.69)    118          29           0
10:27:21  600  297    0 37.48 (48.69)    125          29           0
10:27:23  600  297    0 35.54 (48.69)    123          29           0
10:27:25  600  297    0 37.48 (48.69)    260          82          31
10:27:27 1800  500    0 36.51 (48.69)    154          29           0
10:27:29  600  297    0 36.51 (48.69)    104          29           0
10:27:31  600  297    0 37.00 (48.69)    116          87          40
10:27:33  600  297    0 37.48 (48.69)    127          29           0
10:27:35  600  297    0 37.00 (48.69)    107          29           0
10:27:37  600  297    0 36.02 (48.69)    170          29           0
10:27:39  600  297    0 35.54 (48.69)    131          29           0
10:27:41  600  297    0 36.51 (48.69)    109          29           0
10:27:43  700  297    0 37.00 (48.69)    179          29           0
10:27:45  600  297    0 35.54 (48.69)    114          58           0
10:27:47  600  297    0 36.02 (48.69)    111          29           0
10:27:50  600  297    0 36.51 (48.69)    131          29           0
10:27:52  600  297    0 37.00 (48.69)    116          29           0
10:27:54  600  297    0 37.00 (48.69)    115          29           0
10:27:56  600  297    0 37.00 (48.69)    121          82          31
10:27:58  600  297    0 36.51 (48.69)    943         279         228
10:28:00  700  297    0 37.97 (48.69)    224         141         163
10:28:02  600  297    0 36.51 (48.69)    189         246         419
10:28:04  600  297    0 36.02 (48.69)    218          29         260
10:28:06  600  297    0 35.54 (48.69)    199          58          99
10:28:08  600  297    0 37.00 (48.69)    248          29           0
10:28:10  600  297    0 36.51 (48.69)    156          29           0
10:28:12  600  297    0 36.51 (48.69)    117          29           0
10:28:14  600  297    0 36.02 (48.69)    115          29           0
10:28:16  600  297    0 37.00 (48.69)    154          29           0
