14:17:01 1200  400    0 40,78 40,78  3,038           0           0
14:17:03  600  250    0 39,70 40,78    902          67           0
14:17:05  600  250    0 39,70 40,78    876          67           0
14:17:07  600  250    0 39,70 40,78  1,070         221           0
14:17:09  600  250    0 39,70 40,78    873         144           0
14:17:11 1200  400    0 40,78 40,78    942          90          95
14:17:13 1200  400    0 41,86 41,86    956          67           0
14:17:15 1200  400    0 42,93 42,93    960         168          24
14:17:18 1200  400    0 42,93 42,93    967         145           0
14:17:20 1200  400    0 43,47 43,47    963         145           0
14:17:22 1200  400    0 43,47 43,47    955          67           0
14:17:24 1200  400    0 44,01 44,01    958          67           0
14:17:26 1200  400    0 44,01 44,01    986         145           0
14:17:28 1200  400    0 44,55 44,55    973         168           0
14:17:30 1200  400    0 44,01 44,55    960         145           0
14:17:32 1200  400    0 45,08 45,08    961          67           0
14:17:34 1200  400    0 45,08 45,08    958          67           0
14:17:36 1200  400    0 45,08 45,08    960         145           0
14:17:38 1200  400    0 45,08 45,08    972         123           0
14:17:40 1200  400    0 45,08 45,08    954         145           0
14:17:42 1200  400    0 45,62 45,62    956         543           0
14:17:44 1200  400    0 46,16 46,16    959       1,179           0
14:17:46 1200  400    0 46,16 46,16    963         589           0
14:17:48 1200  400    0 46,16 46,16    968         589           0
14:17:50 1200  400    0 46,16 46,16    950         100           0
14:17:52 1200  400    0 46,16 46,16    963         511           0
14:17:54 1200  400    0 46,70 46,70    953          22           0
14:17:56 1200  400    0 46,70 46,70    975         100           0
14:17:58 1200  400    0 46,70 46,70    970         100           0
14:18:00 1200  400    0 47,24 47,24    970         589           0
14:18:02 1200  400    0 47,24 47,24    993          22           0
14:18:04 1200  400    0 47,77 47,77    952          22           0
14:18:06 1200  400    0 47,77 47,77  1,140         100           0
14:18:09 1200  400    0 47,77 47,77  1,104         100           0
14:18:11 1200  400    0 47,24 47,77    950         100           0
14:18:13 1200  400    0 47,24 47,77    943          22           0
14:18:15 1200  400    0 47,24 47,77    945          22           0
14:18:17 1200  400    0 47,77 47,77    963         100           0
14:18:19 1200  400    0 47,77 47,77    960         436           0
14:18:21 1200  400    0 47,77 47,77    946         100           0
14:18:23 1200  400    0 48,31 48,31    949          22           0
14:18:25 1200  400    0 48,31 48,31    944          22           0
14:18:27 1200  400    0 48,31 48,31  1,013         292         123
14:18:29 1200  400    0 48,31 48,31    953         171         169
14:18:31 1200  400    0 48,31 48,31    944          22           0
14:18:33 1200  400    0 48,31 48,31    942          22           0
14:18:35 1200  400    0 48,31 48,31    948          22           0
14:18:37 1200  400    0 48,85 48,85    958         178           0
14:18:39 1200  400    0 48,31 48,85    951         100           0
14:18:41 1200  400    0 48,31 48,85    942          22           0
14:18:43 1200  400    0 48,85 48,85    943          22           0
14:18:45 1200  400    0 49,39 49,39    948          22           0
14:18:47 1200  400    0 49,39 49,39    970         178           0
14:18:49 1200  400    0 48,85 49,39    984         100           0
14:18:51 1200  400    0 49,39 49,39    944          22           0
14:18:53 1200  400    0 48,85 49,39    941          22           0
14:18:55 1200  400    0 48,85 49,39    941          22           0
14:18:57 1200  400    0 49,39 49,39    970         178           0
14:19:00 1200  400    0 49,39 49,39    947         100           0
14:19:02 1200  400    0 49,39 49,39    954          22           0
14:19:04 1200  400    0 49,39 49,39    945          22           0
14:19:06 1200  400    0 49,39 49,39    947         100           0
14:19:08 1200  400    0 49,39 49,39  1,274         100           0
14:19:10 1200  400    0 49,39 49,39    955         100           0
14:19:12 1200  400    0 49,39 49,39    944          67           0
14:19:14 1200  400    0 49,39 49,39    957         988           0
14:19:16 1200  400    0 49,93 49,93    955         379           0
14:19:18 1200  400    0 49,93 49,93    960         100           0
14:19:20 1200  400    0 49,39 49,93    951         100           0
14:19:22 1200  400    0 49,93 49,93    949          22           0
14:19:24 1200  400    0 49,93 49,93    950          22           0
14:19:26 1200  400    0 49,39 49,93    983         100           0
14:19:28 1200  400    0 49,93 49,93    943         100           0
14:19:30 1200  400    0 49,93 49,93    959         100           0
14:19:32 1200  400    0 49,93 49,93    944          22           0
14:19:34 1200  400    0 50,46 50,46    944          22           0
14:19:36 1200  400    0 49,93 50,46    980         100           0
14:19:38 1200  400    0 50,46 50,46    966         100           0
14:19:40 1200  400    0 50,46 50,46    952         123           0
14:19:42 1200  400    0 50,46 50,46    948          22           0
14:19:44 1200  400    0 51,00 51,00    965         167           0
14:19:46 1200  400    0 50,46 51,00    979         100           0
14:19:48 1200  400    0 50,46 51,00    946         100           0
14:19:51 1200  400    0 50,46 51,00    943         100           0
14:19:53 1200  400    0 50,46 51,00    944         301           0
14:19:55 1200  400    0 51,00 51,00    947          22           0
14:19:57 1200  400    0 51,00 51,00    974         100           0
14:19:59 1200  400    0 51,00 51,00    940         100           0
14:20:01 1200  400    0 50,46 51,00    963         499           0
14:20:03 1200  400    0 51,00 51,00    950          22           0
14:20:05 1200  400    0 50,46 51,00    942          22           0
14:20:07 1200  400    0 50,46 51,00  1,278         178           0
14:20:09 1200  400    0 51,54 51,54    988         100           0
14:20:11 1200  400    0 51,54 51,54    961          22           0
14:20:13 1200  400    0 51,54 51,54    957         137           0
14:20:15 1200  400    0 52,08 52,08    966         112           0
14:20:17 1200  400    0 52,08 52,08    977         456           0
14:20:19 1200  400    0 51,54 52,08    960         100           0
14:20:21 1200  400    0 52,08 52,08    968         267           0
14:20:23 1200  400    0 52,08 52,08    960          22           0
14:20:25 1200  400    0 52,08 52,08    959         189           0
14:20:27 1200  400    0 52,08 52,08    991         254           0
14:20:29 1200  400    0 52,08 52,08    965         189           0
14:20:31 1200  400    0 52,08 52,08    960         138           0
14:20:33 1200  400    0 52,62 52,62    951         112           0
14:20:35 1200  400    0 52,62 52,62    965          99           0
14:20:37 1200  400    0 51,54 52,62    995         242           0
14:20:39 1200  400    0 52,08 52,62    958         202           0
14:20:41 1200  400    0 52,62 52,62    956          22           0
14:20:44 1200  400    0 52,08 52,62    957          22           0
14:20:46 1200  400    0 52,08 52,62    963          22           0
14:20:48 1200  400    0 52,08 52,62  1,004         178           0
14:20:50 1200  400    0 52,08 52,62    957         100           0
14:20:52 1200  400    0 52,08 52,62    956          22           0
14:20:54 1200  400    0 52,62 52,62    957          45           0
14:20:56 1200  400    0 52,62 52,62    955          22           0
14:20:58 1200  400    0 52,62 52,62  1,004         178           0
14:21:00 1200  400    0 52,08 52,62    965         100           0
14:21:02 1200  400    0 52,62 52,62    965          22           0
14:21:04 1200  400    0 52,62 52,62    957          22           0
14:21:06 1200  400    0 52,62 52,62  1,070         100           0
14:21:08 1200  400    0 52,62 52,62  1,222         379           0
14:21:10 1200  400    0 52,62 52,62    957         100           0
14:21:12 1200  400    0 52,08 52,62    954          22           0
14:21:14 1200  400    0 52,62 52,62    958          22           0
14:21:16 1200  400    0 52,08 52,62    968         100           0
14:21:18 1200  400    0 53,15 53,15    958         202           0
14:21:20 1200  400    0 52,62 53,15    972         138           0
14:21:22 1200  400    0 52,62 53,15    956          22           0
14:21:24 1200  400    0 53,15 53,15    954          22           0
14:21:26 1200  400    0 53,15 53,15    997         176           0
14:21:28 1200  400    0 52,62 53,15    953         138           0
14:21:30 1200  400    0 52,62 53,15    962         100           0
14:21:32 1200  400    0 53,69 53,69    960          22           0
14:21:35 1200  400    0 53,15 53,69    951          22           0
14:21:37 1200  400    0 53,69 53,69    990         202           0
14:21:39 1200  400    0 53,15 53,69    955         138           0
14:21:41 1200  400    0 53,69 53,69    962         100           0
14:21:43 1200  400    0 53,15 53,69    956          22           0
14:21:45 1200  400    0 53,15 53,69    963          22           0
14:21:47 1200  400    0 52,62 53,69    989         100           0
14:21:49 1200  400    0 52,62 53,69    955         100           0
14:21:51 1200  400    0 53,15 53,69    959         100           0
14:21:53 1200  400    0 53,69 53,69    957          22           0
14:21:55 1200  400    0 53,69 53,69    955          22           0
14:21:57 1200  400    0 53,69 53,69  1,007         100           0
14:21:59 1200  400    0 53,69 53,69    961         100           0
14:22:01 1200  400    0 53,69 53,69    966         202           0
14:22:03 1200  400    0 53,15 53,69    958          60           0
14:22:05 1200  400    0 53,69 53,69    962         162           0
14:22:07 1200  400    0 53,69 53,69  1,339         178           0
14:22:09 1200  400    0 53,69 53,69    957         100           0
14:22:11 1200  400    0 53,69 53,69    957          22           0
14:22:13 1200  400    0 53,69 53,69    955          22           0
14:22:15 1200  400    0 53,69 53,69    958          22           0
14:22:17 1200  400    0 53,69 53,69    982         458           0
14:22:19 1200  400    0 53,69 53,69    962         100           0
14:22:21 1200  400    0 53,69 53,69    955          22           0
14:22:23 1200  400    0 53,15 53,69    946          22           0
14:22:26 1200  400    0 53,69 53,69    961          22           0
14:22:28 1200  400    0 53,69 53,69  1,005         178           0
14:22:30 1200  400    0 53,69 53,69    956         100           0
14:22:32 1200  400    0 53,69 53,69    963          22           0
14:22:34 1200  400    0 53,69 53,69    954          22           0
14:22:36 1200  400    0 54,23 54,23    957          22           0
14:22:38 1200  400    0 53,69 54,23    981         200           0
14:22:40 1200  400    0 54,77 54,77    955         100           0
14:22:42 1200  400    0 54,23 54,77    955          22           0
14:22:44 1200  400    0 53,69 54,77    952          22           0
14:22:46 1200  400    0 54,23 54,77    954         100           0
14:22:48 1200  400    0 53,69 54,77    979         100           0
14:22:50 1200  400    0 54,23 54,77    956         100           0
14:22:52 1200  400    0 53,69 54,77    956          22           0
14:22:54 1200  400    0 53,69 54,77    952          22           0
14:22:56 1200  400    0 53,69 54,77    985         100           0
14:22:58 1200  400    0 53,69 54,77    954         100           0
14:23:00 1200  400    0 53,69 54,77    953         100           0
14:23:02 1200  400    0 53,69 54,77    962          22           0
14:23:04 1200  400    0 54,23 54,77    953          22           0
14:23:06 1200  400    0 54,23 54,77  1,157         100           0
14:23:08 1200  400    0 54,23 54,77  1,092         100           0
14:23:10 1200  400    0 54,23 54,77    952         100           0
14:23:12 1200  400    0 54,77 54,77    984          22           0
14:23:14 1200  400    0 53,69 54,77    948          22           0
14:23:17 1200  400    0 53,69 54,77    949         100           0
14:23:19 1200  400    0 54,23 54,77    970         100           0
14:23:21 1200  400    0 53,69 54,77    961         100           0
14:23:23 1200  400    0 54,23 54,77    956         124           0
14:23:25 1200  400    0 54,77 54,77    958         124           0
14:23:27 1200  400    0 54,23 54,77    989         176           0
14:23:29 1200  400    0 54,77 54,77    963         100           0
14:23:31 1200  400    0 54,77 54,77    962         100           0
14:23:33 1200  400    0 54,77 54,77    950          22           0
14:23:35 1200  400    0 54,77 54,77    948          22           0
14:23:37 1200  400    0 54,23 54,77    952         100           0
14:23:39 1200  400    0 54,77 54,77    963         100           0
14:23:41 1200  400    0 54,77 54,77    953         100           0
14:23:43 1200  400    0 53,69 54,77    946          22           0
14:23:45 1200  400    0 54,23 54,77    962          22           0
14:23:47 1200  400    0 54,77 54,77    971         178           0
14:23:49 1200  400    0 54,77 54,77    953         100           0
14:23:51 1200  400    0 54,77 54,77    990          22           0
14:23:53 1200  400    0 54,77 54,77    947          22           0
14:23:55 1200  400    0 54,77 54,77    952          22           0
14:23:57 1200  400    0 54,77 54,77    993         178           0
14:23:59 1200  400    0 54,77 54,77    952         100           0
14:24:01 1200  400    0 54,77 54,77    989          22           0
14:24:03 1200  400    0 54,77 54,77    945          22           0
14:24:05 1200  400    0 54,77 54,77    951          22           0
14:24:08 1200  400    0 54,77 54,77  1,270         178           0
14:24:10 1200  400    0 54,77 54,77    958         100           0
14:24:12  600  250    0 53,69 54,77    915          68         110
14:24:14  600  250    0 52,62 54,77    863          22           0
14:24:16  600  250    0 51,54 54,77    868          44          24
14:24:18  600  250    0 51,54 54,77    866         199           0
14:24:20  600  250    0 51,00 54,77    869          99           0
14:24:22  600  250    0 50,46 54,77    871          22           0
14:24:24  600  250    0 50,46 54,77    881          22           0
14:24:26  600  250    0 50,46 54,77    890          22           0
14:24:28  600  250    0 49,93 54,77    901         176           0
14:24:30  600  250    0 50,46 54,77    866          99           0
14:24:32  600  250    0 49,93 54,77    870          22           0
14:24:34  600  250    0 49,93 54,77    874          22           0
14:24:36  600  250    0 49,39 54,77    899          99           0
14:24:38  600  250    0 49,39 54,77    869          99           0
14:24:40  600  250    0 49,39 54,77    856          99           0
14:24:42  600  250    0 49,39 54,77    858          22           0
14:24:45  600  250    0 49,39 54,77    858          22           0
14:24:47  600  250    0 49,39 54,77    871         334           0
14:24:49  600  250    0 48,85 54,77    851          99           0
14:24:51  600  250    0 48,85 54,77    852          99           0
14:24:53  600  250    0 48,85 54,77    859          22           0
14:24:55  600  250    0 48,31 54,77    863          22           0
14:24:57  600  250    0 48,85 54,77    901          99           0
14:24:59  600  250    0 48,31 54,77    847          99           0
14:25:01  600  250    0 48,31 54,77    863          99           0
14:25:03  600  250    0 49,39 54,77    856          22           0
14:25:05  600  250    0 48,31 54,77    857          22           0
14:25:07  600  250    0 48,31 54,77  1,105          99           0
14:25:09  600  250    0 48,31 54,77    845          99           0
14:25:11  600  250    0 48,31 54,77    857         137           0
14:25:13  600  250    0 48,31 54,77    851          98           0
14:25:15  600  250    0 48,31 54,77    857         187           0
14:25:18  600  250    0 48,31 54,77    958         176           0
14:25:20  600  250    0 47,77 54,77    869         264           0
14:25:22  600  250    0 48,31 54,77    843          22           0
14:25:24  600  250    0 48,31 54,77    840         149           0
14:25:26  600  250    0 48,31 54,77    867         158           0
14:25:28  600  250    0 47,77 54,77    886         303           0
14:25:30  600  250    0 48,31 54,77    857         175           0
14:25:32  600  250    0 47,77 54,77    858          85           0
14:25:34  600  250    0 48,31 54,77    851         123           0
14:25:36  600  250    0 48,31 54,77    855          22           0
14:25:38  600  250    0 47,77 54,77    871         341           0
14:25:40  600  250    0 47,77 54,77    850          99           0
14:25:42  600  250    0 47,77 54,77    852          22           0
14:25:44  600  250    0 47,77 54,77    851          22           0
14:25:46  600  250    0 47,24 54,77    885          99           0
14:25:48  600  250    0 47,77 54,77    852          99           0
14:25:50  600  250    0 47,77 54,77    856          99           0
14:25:53  600  250    0 47,77 54,77    856          22           0
14:25:55  600  250    0 47,24 54,77    856          22           0
14:25:57  600  250    0 47,24 54,77    891          99           0
14:25:59  600  250    0 47,77 54,77    884          99           0
14:26:01  600  250    0 47,24 54,77    879          99           0
14:26:03  600  250    0 47,24 54,77    865          22           0
14:26:05  600  250    0 47,24 54,77    873          22           0
14:26:07  600  250    0 47,24 54,77  1,051          99           0
14:26:09  600  250    0 47,24 54,77    881          99           0
14:26:11  600  250    0 47,24 54,77    862          99           0
14:26:13  600  250    0 47,24 54,77    868          22           0
14:26:15  600  250    0 46,70 54,77    859          22           0
14:26:17  600  250    0 47,24 54,77    910          99           0
14:26:19  600  250    0 47,24 54,77    869          99           0
14:26:21  600  250    0 47,24 54,77    858          99           0
14:26:23  600  250    0 47,24 54,77    864          22           0
14:26:25  600  250    0 47,24 54,77    863          22           0
14:26:28  600  250    0 47,24 54,77    915         176           0
14:26:30  600  250    0 46,70 54,77    858          99           0
14:26:32  600  250    0 46,16 54,77    874          22           0
14:26:34  600  250    0 47,24 54,77    869          22           0
14:26:36  600  250    0 46,70 54,77    857          44           0
14:26:38  600  250    0 46,16 54,77    911         176           0
14:26:40  600  250    0 47,24 54,77    860          99           0
14:26:42  600  250    0 47,24 54,77    860          22           0
14:26:44  600  250    0 47,24 54,77    865          22           0
14:26:46  600  250    0 47,24 54,77    869          22           0
14:26:48  600  250    0 47,24 54,77    931         176           0
14:26:50  600  250    0 47,24 54,77    856          99           0
14:26:52  600  250    0 47,24 54,77    866          22           0
14:26:54  600  250    0 46,70 54,77    861          22           0
14:26:56  600  250    0 46,70 54,77    924          99           0
14:26:58  600  250    0 46,70 54,77    866          99           0
14:27:00  600  250    0 46,16 54,77    870          99           0
14:27:03  600  250    0 46,16 54,77    866          22           0
14:27:05  600  250    0 46,16 54,77    866          22           0
14:27:07  600  250    0 46,16 54,77  1,172          99           0
14:27:09  600  250    0 46,70 54,77    918          99           0
14:27:11 1200  400    0 47,24 54,77    920         146         119
14:27:13 1200  400    0 49,39 54,77  1,034          22           0
14:27:15 1200  400    0 51,00 54,77  1,021          22           0
14:27:17 1200  400    0 52,08 54,77  1,061         123          24
14:27:19 1200  400    0 52,62 54,77  1,033         100           0
14:27:21 1200  400    0 53,15 54,77  1,035         100           0
14:27:23 1200  400    0 53,69 54,77  1,042          22           0
14:27:25 1200  400    0 53,69 54,77  1,035          22           0
14:27:27 1200  400    0 53,69 54,77  1,075         100           0
14:27:29 1200  400    0 54,23 54,77  1,034         100           0
14:27:31 1200  400    0 54,77 54,77  1,040         100           0
14:27:33 1200  400    0 54,23 54,77  1,030          22           0
14:27:35 1200  400    0 54,77 54,77  1,047          22           0
14:27:37 1200  400    0 55,31 55,31  1,051         100           0
14:27:39 1200  400    0 55,31 55,31  1,035         100           0
14:27:41 1200  400    0 55,31 55,31  1,030         100           0
14:27:43 1200  400    0 55,84 55,84  1,032          22           0
14:27:45 1200  400    0 55,31 55,84  1,037          22           0
14:27:47 1200  400    0 56,38 56,38  1,034         179           0
14:27:49 1200  400    0 55,84 56,38  1,031          22           0
14:27:51 1200  400    0 56,92 56,92  1,034         100           0
14:27:54 1200  400    0 56,38 56,92  1,030          22           0
14:27:56 1200  400    0 56,38 56,92  1,051          22           0
14:27:58 1200  400    0 56,92 56,92  1,047         178           0
14:28:00 1200  400    0 56,92 56,92  1,034         100           0
14:28:02 1200  400    0 56,92 56,92  1,034          22           0
14:28:04 1200  400    0 58,00 58,00  1,030         157           0
14:28:06 1200  400    0 56,92 58,00  1,034          22           0
14:28:08 1200  400    0 56,92 58,00  1,250         178           0
14:28:10 1200  400    0 58,00 58,00  1,031         100           0
14:28:12 1200  400    0 58,00 58,00  1,030          22           0
14:28:14 1200  400    0 58,00 58,00  1,031          22           0
14:28:16 1200  400    0 58,53 58,53  1,033          22           0
14:28:18 1200  400    0 58,00 58,53  1,046         178           0
14:28:20 1200  400    0 58,53 58,53  1,041         100           0
14:28:22 1200  400    0 59,07 59,07  1,064         135         123
14:28:24 1200  400    0 59,07 59,07  1,035          93         169
14:28:26 1200  400    0 59,07 59,07  1,063          22           0
14:28:28 1200  400    0 59,07 59,07  1,045         179           0
14:28:30 1200  400    0 58,53 59,07  1,028         100           0
14:28:32 1200  400    0 59,07 59,07  1,029          22           0
14:28:34 1200  400    0 59,61 59,61  1,036          22           0
14:28:36 1200  400    0 59,07 59,61  1,058          22           0
14:28:38 1200  400    0 59,07 59,61  1,046         178           0
14:28:40 1200  400    0 59,07 59,61  1,034         100           0
14:28:42 1200  400    0 59,07 59,61  1,035          22           0
14:28:44 1200  400    0 60,15 60,15  1,039          22           0
14:28:47 1200  400    0 59,61 60,15  1,074         100           0
14:28:49 1200  400    0 60,15 60,15  1,033         100           0
14:28:51 1200  400    0 60,15 60,15  1,036         100           0
14:28:53 1200  400    0 60,15 60,15  1,038          22           0
14:28:55 1200  400    0 60,15 60,15  1,034          22           0
14:28:57 1200  400    0 59,61 60,15  1,071         100           0
14:28:59 1200  400    0 60,15 60,15  1,032         100           0
14:29:01 1200  400    0 60,15 60,15  1,037         100           0
14:29:03 1200  400    0 60,15 60,15  1,036          22           0
14:29:05 1200  400    0 60,15 60,15  1,036          22           0
14:29:07 1200  400    0 60,15 60,15  1,223         100           0
14:29:09 1200  400    0 60,15 60,15  1,037         100           0
14:29:11 1200  400    0 60,15 60,15  1,034         100           0
14:29:13 1200  400    0 60,15 60,15  1,032          22           0
14:29:15 1200  400    0 60,69 60,69  1,033          22           0
14:29:17 1200  400    0 60,69 60,69  1,062         100           0
14:29:19 1200  400    0 60,69 60,69  1,038         100           0
14:29:21 1200  400    0 60,15 60,69  1,036         100           0
14:29:23 1200  400    0 60,69 60,69  1,034          22           0
14:29:25 1200  400    0 60,69 60,69  1,032          22           0
14:29:27 1200  400    0 61,22 61,22  1,070         100           0
14:29:29 1200  400    0 60,15 61,22  1,034         100           0
14:29:31 1200  400    0 60,69 61,22  1,029         100           0
14:29:33 1200  400    0 61,22 61,22  1,033          22           0
14:29:35 1200  400    0 60,69 61,22  1,031          22           0
14:29:38 1200  400    0 60,69 61,22  1,061         100           0
14:29:40 1200  400    0 61,22 61,22  1,032         100           0
14:29:42 1200  400    0 61,22 61,22  1,033         123           0
14:29:44 1200  400    0 61,22 61,22  1,031          22           0
14:29:46 1200  400    0 61,22 61,22  1,035          22           0
14:29:48 1200  400    0 61,22 61,22  1,061         178           0
14:29:50 1200  400    0 61,22 61,22  1,034         123           0
14:29:52 1200  400    0 61,76 61,76  1,031          22           0
14:29:54 1200  400    0 61,22 61,76  1,033          22           0
14:29:56 1200  400    0 61,76 61,76  1,029          22           0
14:29:58 1200  400    0 61,76 61,76  1,059         178           0
14:30:00 1200  400    0 61,76 61,76  1,033          22           0
14:30:02 1200  400    0 61,22 61,76  1,037         100           0
14:30:04 1200  400    0 61,76 61,76  1,035          22           0
14:30:06 1200  400    0 61,76 61,76  1,078          22           0
14:30:08 1200  400    0 61,76 61,76  1,198         178           0
14:30:10 1200  400    0 61,22 61,76  1,034         100           0
14:30:12 1200  400    0 61,76 61,76  1,038          99           0
14:30:14 1200  400    0 62,30 62,30  1,030         150           0
14:30:16 1200  400    0 61,76 62,30  1,040          99           0
14:30:18 1200  400    0 62,30 62,30  1,054         242           0
14:30:20 1200  400    0 61,22 62,30  1,034         202           0
14:30:22 1200  400    0 61,22 62,30  1,031          22           0
14:30:24 1200  400    0 62,30 62,30  1,039         189           0
14:30:26 1200  400    0 62,30 62,30  1,059         215           0
14:30:28 1200  400    0 62,30 62,30  1,040         228           0
14:30:31 1200  400    0 61,76 62,30  1,030         138           0
14:30:33 1200  400    0 62,30 62,30  1,043         150           0
14:30:35 1200  400    0 62,30 62,30  1,031          60           0
14:30:37 1200  400    0 62,84 62,84  1,056         235           0
14:30:39 1200  400    0 62,30 62,84  1,048         222           0
14:30:41 1200  400    0 62,84 62,84  1,038         145           0
14:30:43 1200  400    0 62,30 62,84  1,031          67           0
14:30:45 1200  400    0 62,30 62,84  1,043          67           0
14:30:47 1200  400    0 62,30 62,84  1,064         145           0
14:30:49 1200  400    0 62,30 62,84  1,042         145           0
14:30:51 1200  400    0 62,30 62,84  1,036         145           0
14:30:53 1200  400    0 62,84 62,84  1,041          67           0
14:30:55 1200  400    0 62,30 62,84  1,039          67           0
14:30:57 1200  400    0 62,30 62,84  1,073         145           0
14:30:59 1200  400    0 62,30 62,84  1,039         145           0
14:31:01 1200  400    0 62,84 62,84  1,041         145           0
14:31:03 1200  400    0 62,84 62,84  1,041          67           0
14:31:05 1200  400    0 62,30 62,84  1,042          67           0
14:31:07 1200  400    0 62,84 62,84  1,302         146           0
14:31:09 1200  400    0 63,38 63,38  1,041         146           0
14:31:11 1200  400    0 63,38 63,38  1,035         145           0
14:31:13 1200  400    0 63,91 63,91  1,034          45           0
14:31:15 1200  400    0 63,38 63,91  1,042          67           0
14:31:17 1200  400    0 63,91 63,91  1,063         145           0
14:31:19 1200  400    0 63,38 63,91  1,049         146           0
14:31:22 1200  400    0 63,91 63,91  1,038         145           0
14:31:24 1200  400    0 63,38 63,91  1,035          67           0
14:31:26 1200  400    0 63,38 63,91  1,039          67           0
14:31:28 1200  400    0 63,38 63,91  1,075         145           0
14:31:30 1200  400    0 63,91 63,91  1,037         146           0
14:31:32 1200  400    0 63,38 63,91  1,041         145           0
14:31:34 1200  400    0 63,38 63,91  1,038          90           0
14:31:36 1200  400    0 64,45 64,45  1,041          67           0
14:31:38 1200  400    0 63,38 64,45  1,066         201           0
14:31:40 1200  400    0 63,38 64,45  1,038         100           0
14:31:42 1200  400    0 63,38 64,45  1,035          22           0
14:31:44 1200  400    0 63,38 64,45  1,033          22           0
14:31:46 1200  400    0 63,91 64,45  1,030          22           0
14:31:48 1200  400    0 64,45 64,45  1,055         178           0
14:31:50 1200  400    0 63,91 64,45  1,031          22           0
14:31:52 1200  400    0 63,91 64,45  1,030         100           0
14:31:54 1200  400    0 63,38 64,45  1,030          22           0
14:31:56 1200  400    0 64,45 64,45  1,049          22           0
14:31:58 1200  400    0 63,38 64,45  1,047         178           0
14:32:00 1200  400    0 63,38 64,45  1,034         100           0
14:32:02 1200  400    0 63,38 64,45  1,031          22           0
14:32:04 1200  400    0 63,91 64,45  1,031          22           0
14:32:06 1200  400    0 63,38 64,45  1,116          22           0
14:32:08 1200  400    0 63,38 64,45  1,145         178           0
14:32:10 1200  400    0 63,38 64,45  1,030         100           0
14:32:12 1200  400    0 63,38 64,45  1,038          22           0
14:32:15 1200  400    0 63,38 64,45  1,033          22           0
14:32:17 1200  400    0 63,38 64,45  1,056          22           0
14:32:19 1200  400    0 63,38 64,45  1,040         178           0
14:32:21 1200  400    0 63,38 64,45  1,034         100           0
14:32:23 1200  400    0 64,45 64,45  1,037          22           0
14:32:25 1200  400    0 63,91 64,45  1,035          22           0
14:32:27 1200  400    0 63,38 64,45  1,054         100           0
14:32:29 1200  400    0 63,91 64,45  1,039         100           0
14:32:31 1200  400    0 63,91 64,45  1,039         100           0
14:32:33 1200  400    0 64,45 64,45  1,036          22           0
14:32:35 1200  400    0 63,91 64,45  1,034          22           0
14:32:37 1200  400    0 63,38 64,45  1,065         100           0
14:32:39 1200  400    0 63,91 64,45  1,039         100           0
14:32:41 1200  400    0 63,91 64,45  1,086         100           0
14:32:43 1200  400    0 63,91 64,45  1,062          22           0
14:32:45 1200  400    0 63,91 64,45  1,037          22           0
14:32:47 1200  400    0 63,91 64,45  1,060         100           0
14:32:49 1200  400    0 63,38 64,45  1,034         100           0
14:32:51 1200  400    0 64,45 64,45  1,038         100           0
14:32:53 1200  400    0 63,91 64,45  1,031          22           0
14:32:55 1200  400    0 64,45 64,45  1,039          22           0
14:32:57 1200  400    0 64,45 64,45  1,109         100           0
14:32:59 1200  400    0 64,45 64,45  1,028         100           0
14:33:01 1200  400    0 64,99 64,99  1,029         100           0
14:33:03 1200  400    0 65,53 65,53  1,027          22           0
14:33:05 1200  400    0 65,53 65,53  1,024          22           0
14:33:08 1200  400    0 64,99 65,53  1,247         100           0
14:33:10 1200  400    0 64,99 65,53  1,026         100           0
14:33:12 1200  400    0 65,53 65,53  1,037         100           0
14:33:14 1200  400    0 64,45 65,53  1,032          22           0
14:33:16 1200  400    0 64,99 65,53  1,030          22           0
14:33:18 1200  400    0 64,99 65,53  1,071         123           0
14:33:20 1200  400    0 64,99 65,53  1,037         100           0
14:33:22 1200  400    0 64,99 65,53  1,029         100           0
14:33:24 1200  400    0 65,53 65,53  1,029          22           0
14:33:26 1200  400    0 64,99 65,53  1,031          22           0
14:33:28 1200  400    0 65,53 65,53  1,070         178           0
14:33:30 1200  400    0 64,99 65,53  1,029         100           0
14:33:32 1200  400    0 65,53 65,53  1,032          22           0
14:33:34 1200  400    0 65,53 65,53  1,029          22           0
14:33:36 1200  400    0 65,53 65,53  1,039          22           0
14:33:38 1200  400    0 64,99 65,53  1,044         178           0
14:33:40 1200  400    0 65,53 65,53  1,025         100           0
14:33:42 1200  400    0 65,53 65,53  1,023          22           0
14:33:44 1200  400    0 65,53 65,53  1,026          22           0
14:33:46 1200  400    0 65,53 65,53  1,032          22           0
14:33:48 1200  400    0 65,53 65,53  1,037         178           0
14:33:50 1200  400    0 65,53 65,53  1,024         100           0
14:33:52 1200  400    0 65,53 65,53  1,028          22           0
14:33:54 1200  400    0 65,53 65,53  1,024          22           0
14:33:56 1200  400    0 65,53 65,53  1,048          22           0
14:33:59 1200  400    0 65,53 65,53  1,044         178           0
14:34:01 1200  400    0 64,99 65,53  1,024         100           0
14:34:03 1200  400    0 66,07 66,07  1,028          22           0
14:34:05 1200  400    0 65,53 66,07  1,024          22           0
14:34:07 1200  400    0 65,53 66,07  1,228         100           0
14:34:09 1200  400    0 65,53 66,07  1,042         100           0
14:34:11 1200  400    0 64,99 66,07  1,000         146         111
14:34:13  600  250    0 62,30 66,07    850          22           0
14:34:15  600  250    0 60,69 66,07    842          22           0
14:34:17  600  250    0 59,61 66,07    858         121          24
14:34:19  600  250    0 59,07 66,07    866          99           0
14:34:21  600  250    0 58,53 66,07    842          99           0
14:34:23  600  250    0 58,00 66,07    856          22           0
14:34:25  600  250    0 58,00 66,07    848          22           0
14:34:27  600  250    0 57,46 66,07    870          99           0
14:34:29  600  250    0 56,92 66,07    849          99           0
14:34:31  600  250    0 56,38 66,07    852          99           0
14:34:33  600  250    0 56,38 66,07    850          22           0
14:34:35  600  250    0 55,84 66,07    850          22           0
14:34:38  600  250    0 55,84 66,07    865          99           0
14:34:40  600  250    0 55,84 66,07    844          99           0
14:34:42  600  250    0 55,84 66,07    856          99           0
14:34:44  600  250    0 55,84 66,07    844          22           0
14:34:46  600  250    0 55,31 66,07    849          44           0
14:34:48  600  250    0 54,77 66,07    866         176           0
14:34:50  600  250    0 54,77 66,07    852          99           0
14:34:52  600  250    0 54,77 66,07    853          22           0
14:34:54  600  250    0 54,77 66,07    840          22           0
14:34:56  600  250    0 53,69 66,07    849          22           0
14:34:58  600  250    0 53,69 66,07    864         176           0
14:35:00  600  250    0 54,23 66,07    849         217           0
14:35:02  600  250    0 53,69 66,07    860          22           0
14:35:04  600  250    0 53,69 66,07    835          22           0
14:35:06  600  250    0 53,69 66,07    955          22           0
14:35:08  600  250    0 53,69 66,07    969         176           0
14:35:10  600  250    0 53,15 66,07    851          99           0
14:35:13  600  250    0 53,15 66,07    856          98           0
14:35:15  600  250    0 53,15 66,07    856         123           0
14:35:17  600  250    0 53,69 66,07    854         123           0
14:35:19  600  250    0 52,62 66,07    872         176           0
14:35:21  600  250    0 52,62 66,07    860         264           0
14:35:23  600  250    0 52,62 66,07    846          22           0
14:35:25  600  250    0 52,62 66,07    854         149           0
14:35:27  600  250    0 52,62 66,07    846         213           0
14:35:29  600  250    0 52,08 66,07    880         264           0
14:35:31  600  250    0 52,08 66,07    844         137           0
14:35:33  600  250    0 52,08 66,07    851         111           0
14:35:35  600  250    0 52,08 66,07    856          98           0
14:35:37  600  250    0 52,08 66,07    866         163           0
14:35:39  600  250    0 51,54 66,07    853         201           0
14:35:41  600  250    0 52,08 66,07    854         162           0
14:35:43  600  250    0 51,54 66,07    848          98           0
14:35:45  600  250    0 51,54 66,07    837          22           0
14:35:48  600  250    0 51,54 66,07    867          99           0
14:35:50  600  250    0 52,08 66,07    856          99           0
14:35:52  600  250    0 51,54 66,07    847          99           0
14:35:54  600  250    0 51,54 66,07    856          22           0
14:35:56  600  250    0 51,54 66,07    846          44           0
14:35:58  600  250    0 51,00 66,07    882          99           0
14:36:00  600  250    0 51,54 66,07    841          99           0
14:36:02  600  250    0 51,54 66,07    866          99           0
14:36:04  600  250    0 51,54 66,07    848          22           0
14:36:06  600  250    0 51,00 66,07    919          85           0
14:36:08  600  250    0 51,00 66,07  1,104         252           0
14:36:10  600  250    0 51,00 66,07    852          99           0
14:36:12  600  250    0 51,54 66,07    861          22           0
14:36:14  600  250    0 50,46 66,07    848          22           0
14:36:16  600  250    0 50,46 66,07    853          22           0
14:36:18  600  250    0 50,46 66,07    865         176           0
14:36:20  600  250    0 50,46 66,07    857          99           0
14:36:23  600  250    0 50,46 66,07    849          22           0
14:36:25  600  250    0 49,39 66,07    850          22           0
14:36:27  600  250    0 50,46 66,07    857          22           0
14:36:29  600  250    0 50,46 66,07    892         176           0
14:36:31  600  250    0 49,93 66,07    854         200           0
14:36:33  600  250    0 50,46 66,07    847          60           0
14:36:35  600  250    0 50,46 66,07    854          22           0
14:36:37  600  250    0 49,93 66,07    848          22           0
14:36:39  600  250    0 49,39 66,07    867         177           0
14:36:41  600  250    0 49,39 66,07    852          99           0
14:36:43  600  250    0 50,46 66,07    852          22           0
14:36:45  600  250    0 49,39 66,07    849          22           0
14:36:47  600  250    0 49,39 66,07    856          99           0
14:36:49  600  250    0 50,46 66,07    856          99           0
14:36:51  600  250    0 49,39 66,07    842         334           0
14:36:53  600  250    0 49,93 66,07    854          22           0
14:36:55  600  250    0 49,39 66,07    841         161           0
14:36:58  600  250    0 49,39 66,07    868          99           0
14:37:00  600  250    0 49,39 66,07    856          99           0
14:37:02  600  250    0 49,39 66,07    859          99           0
14:37:04  600  250    0 49,39 66,07    858          22           0
14:37:06  600  250    0 49,39 66,07    847          44           0
14:37:08  600  250    0 49,39 66,07  1,097          99           0
14:37:10  600  250    0 49,39 66,07    860          99           0
14:37:12 1200  400    0 52,62 66,07  1,096         146         119
14:37:14 1200  400    0 54,77 66,07  1,134          22           0
14:37:16 1200  400    0 56,38 66,07  1,136          45          24
14:37:18 1200  400    0 56,92 66,07  1,147         242           0
14:37:20 1200  400    0 58,00 66,07  1,130         176           0
14:37:22 1200  400    0 58,53 66,07  1,134          22           0
14:37:24 1200  400    0 59,07 66,07  1,138          22           0
14:37:26 1200  400    0 60,69 66,07  1,109          22           0
14:37:28 1200  400    0 61,22 66,07  1,134         178           0
14:37:30 1200  400    0 62,30 66,07  1,108         100           0
14:37:32 1200  400    0 61,76 66,07  1,112          22           0
14:37:34 1200  400    0 61,76 66,07  1,109          22           0
14:37:36 1200  400    0 62,30 66,07  1,108          22           0
14:37:38 1200  400    0 62,30 66,07  1,157         177           0
14:37:40 1200  400    0 62,84 66,07  1,122         100           0
14:37:43 1200  400    0 62,30 66,07  1,118         124           0
14:37:45 1200  400    0 63,38 66,07  1,125          60           0
14:37:47 1200  400    0 63,38 66,07  1,133          22           0
14:37:49 1200  400    0 62,84 66,07  1,151         178           0
14:37:51 1200  400    0 63,38 66,07  1,138         100           0
14:37:53 1200  400    0 63,91 66,07  1,136          22           0
14:37:55 1200  400    0 64,45 66,07  1,134          22           0
14:37:57 1200  400    0 63,91 66,07  1,135          22           0
14:37:59 1200  400    0 64,45 66,07  1,156         178           0
14:38:01 1200  400    0 64,45 66,07  1,133         100           0
14:38:03 1200  400    0 64,45 66,07  1,134          22           0
14:38:05 1200  400    0 64,45 66,07  1,136          22           0
14:38:07 1200  400    0 65,53 66,07  1,366         202           0
14:38:09 1200  400    0 65,53 66,07  1,208         287         247
14:38:11 1200  400    0 66,60 66,60  1,138         135          46
14:38:13 1200  400    0 66,07 66,60  1,117          22           0
14:38:15 1200  400    0 66,60 66,60  1,122          22           0
14:38:17 1200  400    0 66,60 66,60  1,138         100           0
14:38:19 1200  400    0 66,60 66,60  1,122         100           0
14:38:21 1200  400    0 66,60 66,60  1,112         100           0
14:38:23 1200  400    0 67,68 67,68  1,107          22           0
14:38:25 1200  400    0 67,14 67,68  1,113          22           0
14:38:27 1200  400    0 67,14 67,68  1,140         100           0
14:38:29 1200  400    0 67,14 67,68  1,118         100           0
14:38:31 1200  400    0 66,60 67,68  1,129         240           0
14:38:34 1200  400    0 67,14 67,68  1,116          22           0
14:38:36 1200  400    0 67,68 67,68  1,116          22           0
14:38:38 1200  400    0 68,22 68,22  1,143         100           0
14:38:40 1200  400    0 67,68 68,22  1,126         100           0
14:38:42 1200  400    0 67,68 68,22  1,118         100           0
14:38:44 1200  400    0 68,22 68,22  1,133          45           0
14:38:46 1200  400    0 68,22 68,22  1,117          22           0
14:38:48 1200  400    0 68,76 68,76  1,119         100           0
14:38:50 1200  400    0 68,76 68,76  1,147         100           0
14:38:52 1200  400    0 67,68 68,76  1,120         100           0
14:38:54 1200  400    0 68,76 68,76  1,133          86           0
14:38:56 1200  400    0 68,76 68,76  1,128          99           0
14:38:58 1200  400    0 68,76 68,76  1,138         100           0
14:39:00 1200  400    0 68,76 68,76  1,120         100           0
14:39:02 1200  400    0 68,76 68,76  1,142         100           0
14:39:04 1200  400    0 69,29 69,29  1,115          22           0
14:39:06 1200  400    0 69,29 69,29  1,194          22           0
14:39:08 1200  400    0 69,29 69,29  1,226         178           0
14:39:10 1200  400    0 69,29 69,29  1,109         100           0
14:39:12 1200  400    0 69,83 69,83  1,122          22           0
14:39:14 1200  400    0 69,83 69,83  1,101          22           0
14:39:16 1200  400    0 69,83 69,83  1,101          22           0
14:39:18 1200  400    0 70,37 70,37  1,105         242           0
14:39:20 1200  400    0 69,83 70,37  1,155         176           0
14:39:23 1200  400    0 69,83 70,37  1,141          22           0
14:39:25 1200  400    0 70,37 70,37  1,106          22           0
14:39:27 1200  400    0 69,83 70,37  1,103          22           0
14:39:29 1200  400    0 70,91 70,91  1,135         178           0
14:39:31 1200  400    0 70,91 70,91  1,097         100           0
14:39:33 1200  400    0 70,91 70,91  1,131          22           0
14:39:35 1200  400    0 70,37 70,91  1,115          22           0
14:39:37 1200  400    0 70,91 70,91  1,116          22           0
14:39:39 1200  400    0 70,91 70,91  1,124         178           0
14:39:41 1200  400    0 70,91 70,91  1,120         123           0
14:39:43 1200  400    0 70,91 70,91  1,134         124           0
14:39:45 1200  400    0 70,91 70,91  1,115          60           0
14:39:47 1200  400    0 70,91 70,91  1,118         100           0
14:39:49 1200  400    0 70,91 70,91  1,125         100           0
14:39:51 1200  400    0 70,91 70,91  1,118         100           0
14:39:53 1200  400    0 70,91 70,91  1,117          22           0
14:39:55 1200  400    0 70,91 70,91  1,114          22           0
14:39:57 1200  400    0 71,45 71,45  1,095         100           0
14:39:59 1200  400    0 71,45 71,45  1,117         100           0
14:40:01 1200  400    0 71,98 71,98  1,117         100           0
14:40:03 1200  400    0 70,91 71,98  1,118         134           0
14:40:05 1200  400    0 71,45 71,98  1,116          22           0
14:40:07 1200  400    0 71,45 71,98  1,339         240           0
14:40:09 1200  400    0 71,98 71,98  1,104         100           0
14:40:12 1200  400    0 71,98 71,98  1,099         138           0
14:40:14 1200  400    0 71,98 71,98  1,118          99           0
14:40:16 1200  400    0 71,98 71,98  1,098         189           0
14:40:18 1200  400    0 71,45 71,98  1,096         100           0
14:40:20 1200  400    0 72,52 72,52  1,113         267           0
14:40:22 1200  400    0 71,98 72,52  1,097         100           0
14:40:24 1200  400    0 71,98 72,52  1,135         173           0
14:40:26 1200  400    0 71,98 72,52  1,119         137           0
14:40:28 1200  400    0 71,98 72,52  1,118         228           0
14:40:30 1200  400    0 72,52 72,52  1,112         239           0
14:40:32 1200  400    0 71,98 72,52  1,114         241           0
14:40:34 1200  400    0 71,98 72,52  1,115         124           0
14:40:36 1200  400    0 73,06 73,06  1,097          22           0
14:40:38 1200  400    0 72,52 73,06  1,111         267           0
14:40:40 1200  400    0 73,06 73,06  1,097         100           0
14:40:42 1200  400    0 72,52 73,06  1,111         100           0
14:40:44 1200  400    0 72,52 73,06  1,098          22           0
14:40:46 1200  400    0 73,06 73,06  1,096          22           0
14:40:48 1200  400    0 73,06 73,06  1,104         100           0
14:40:50 1200  400    0 73,06 73,06  1,099         100           0
14:40:52 1200  400    0 73,60 73,60  1,104         100           0
14:40:54 1200  400    0 73,06 73,60  1,097          86           0
14:40:56 1200  400    0 73,06 73,60  1,089          99           0
14:40:58 1200  400    0 73,06 73,60  1,115         100           0
14:41:00 1200  400    0 73,06 73,60  1,097         100           0
14:41:03 1200  400    0 73,06 73,60  1,097         100           0
14:41:05 1200  400    0 73,60 73,60  1,105          22           0
14:41:07 1200  400    0 73,06 73,60  1,238          22           0
14:41:09 1200  400    0 73,60 73,60  1,175         178           0
14:41:11 1200  400    0 73,60 73,60  1,114         100           0
14:41:13 1200  400    0 73,60 73,60  1,098          22           0
14:41:15 1200  400    0 73,60 73,60  1,099          22           0
14:41:17 1200  400    0 73,60 73,60  1,102          22           0
14:41:19 1200  400    0 73,60 73,60  1,119         280           0
14:41:21 1200  400    0 73,60 73,60  1,099         138           0
14:41:23 1200  400    0 73,60 73,60  1,127          22           0
14:41:25 1200  400    0 73,06 73,60  1,097          22           0
14:41:27 1200  400    0 73,60 73,60  1,097          22           0
14:41:29 1200  400    0 74,14 74,14  1,131         178           0
14:41:31 1200  400    0 74,14 74,14  1,102         100           0
14:41:33 1200  400    0 73,60 74,14  1,094          22           0
14:41:35 1200  400    0 73,60 74,14  1,096          22           0
14:41:37 1200  400    0 74,14 74,14  1,104          22           0
14:41:39 1200  400    0 73,60 74,14  1,115         178           0
14:41:41 1200  400    0 74,14 74,14  1,107         100           0
14:41:43 1200  400    0 74,14 74,14  1,101         124           0
14:41:45 1200  400    0 74,14 74,14  1,100          60           0
14:41:47 1200  400    0 74,14 74,14  1,102         100           0
14:41:49 1200  400    0 74,14 74,14  1,112         100           0
14:41:51 1200  400    0 74,14 74,14  1,099         100           0
14:41:54 1200  400    0 74,14 74,14  1,098          22           0
14:41:56 1200  400    0 74,14 74,14  1,096          22           0
14:41:58 1200  400    0 74,14 74,14  1,103         100           0
14:42:00 1200  400    0 74,14 74,14  1,135         100           0
14:42:02 1200  400    0 74,14 74,14  1,115         100           0
14:42:04 1200  400    0 74,14 74,14  1,113          45           0
14:42:06 1200  400    0 73,60 74,14  1,117          22           0
14:42:08 1200  400    0 74,14 74,14  1,338         240           0
14:42:10 1200  400    0 74,14 74,14  1,124         100           0
14:42:12 1200  400    0 74,14 74,14  1,123         100           0
14:42:14 1200  400    0 74,14 74,14  1,108          22           0
14:42:16 1200  400    0 74,14 74,14  1,101          22           0
14:42:18 1200  400    0 74,14 74,14  1,132         214         200
14:42:20 1200  400    0 74,14 74,14  1,116         171          92
14:42:22 1200  400    0 74,14 74,14  1,106         100           0
14:42:24 1200  400    0 74,14 74,14  1,108          22           0
14:42:26 1200  400    0 74,14 74,14  1,104          22           0
14:42:28 1200  400    0 74,14 74,14  1,106         100           0
14:42:30 1200  400    0 74,67 74,67  1,119         164           0
14:42:32 1200  400    0 74,14 74,67  1,110         176           0
14:42:34 1200  400    0 74,14 74,67  1,102          22           0
14:42:36 1200  400    0 74,14 74,67  1,106          22           0
14:42:38 1200  400    0 74,67 74,67  1,104         100           0
14:42:40 1200  400    0 75,21 75,21  1,114         100           0
14:42:43 1200  400    0 74,67 75,21  1,116         100           0
14:42:45 1200  400    0 75,21 75,21  1,094          22           0
14:42:47 1200  400    0 74,67 75,21  1,105          22           0
14:42:49 1200  400    0 74,67 75,21  1,106         178           0
14:42:51 1200  400    0 74,67 75,21  1,111          22           0
14:42:53 1200  400    0 74,67 75,21  1,107         100           0
14:42:55 1200  400    0 75,21 75,21  1,108          86           0
14:42:57 1200  400    0 74,67 75,21  1,106          99           0
14:42:59 1200  400    0 75,21 75,21  1,106         178           0
14:43:01 1200  400    0 75,21 75,21  1,122         100           0
14:43:03 1200  400    0 75,21 75,21  1,105          22           0
14:43:05 1200  400    0 75,21 75,21  1,100          22           0
14:43:07 1200  400    0 75,21 75,21  1,369          22           0
14:43:09 1200  400    0 75,21 75,21  1,165         178           0
14:43:11 1200  400    0 74,14 75,21  1,103         100           0
14:43:13 1200  400    0 75,21 75,21  1,106          22           0
14:43:15 1200  400    0 75,21 75,21  1,101          22           0
14:43:17 1200  400    0 75,21 75,21  1,100          22           0
14:43:19 1200  400    0 75,21 75,21  1,111         280           0
14:43:21 1200  400    0 75,21 75,21  1,113         138           0
14:43:23 1200  400    0 75,21 75,21  1,107          22           0
14:43:25 1200  400    0 75,21 75,21  1,103          22           0
14:43:27 1200  400    0 75,21 75,21  1,106         100           0
14:43:29 1200  400    0 75,21 75,21  1,105         100           0
14:43:31 1200  400    0 75,21 75,21  1,127         100           0
14:43:34 1200  400    0 75,21 75,21  1,123          22           0
14:43:36 1200  400    0 75,21 75,21  1,102          22           0
14:43:38 1200  400    0 75,21 75,21  1,112         100           0
14:43:40 1200  400    0 75,21 75,21  1,105         100           0
14:43:42 1200  400    0 75,21 75,21  1,112         100           0
14:43:44 1200  400    0 75,21 75,21  1,105          22           0
14:43:46 1200  400    0 75,21 75,21  1,101          45           0
14:43:48 1200  400    0 75,21 75,21  1,106         100           0
14:43:50 1200  400    0 74,67 75,21  1,107         100           0
14:43:52 1200  400    0 75,75 75,75  1,110         100           0
14:43:54 1200  400    0 75,21 75,75  1,103          22           0
14:43:56 1200  400    0 75,75 75,75  1,115          22           0
14:43:58 1200  400    0 75,21 75,75  1,105         100           0
14:44:00 1200  400    0 75,75 75,75  1,112         100           0
14:44:02 1200  400    0 75,21 75,75  1,106         100           0
14:44:04 1200  400    0 75,21 75,75  1,110          22           0
14:44:06 1200  400    0 75,21 75,75  1,153          22           0
14:44:08 1200  400    0 75,21 75,75  1,273         100           0
14:44:10 1200  400    0 75,21 75,75  1,107         100           0
14:44:12  600  250    0 71,45 75,75    874         145         110
14:44:14  600  250    0 68,76 75,75    847          22           0
14:44:16  600  250    0 67,68 75,75    850          44          24
14:44:18  600  250    0 66,60 75,75    844          99           0
14:44:21  600  250    0 66,07 75,75    843          99           0
14:44:23  600  250    0 65,53 75,75    857          99           0
14:44:25  600  250    0 64,45 75,75    848          22           0
14:44:27  600  250    0 64,45 75,75    857          22           0
14:44:29  600  250    0 64,45 75,75    868         176           0
14:44:31  600  250    0 63,38 75,75    838          99           0
14:44:33  600  250    0 62,84 75,75    890          22           0
14:44:35  600  250    0 63,38 75,75    843          22           0
14:44:37  600  250    0 62,30 75,75    863          22           0
14:44:39  600  250    0 62,30 75,75    862         176           0
14:44:41  600  250    0 61,76 75,75    852          99           0
14:44:43  600  250    0 61,22 75,75    856          22           0
14:44:45  600  250    0 61,22 75,75    842          22           0
14:44:47  600  250    0 61,22 75,75    853          22           0
14:44:49  600  250    0 61,22 75,75    852         176           0
14:44:51  600  250    0 60,15 75,75    850          99           0
14:44:53  600  250    0 60,15 75,75    846          22           0
14:44:56  600  250    0 60,15 75,75    857          22           0
14:44:58  600  250    0 60,15 75,75    850          99           0
14:45:00  600  250    0 59,61 75,75    870          99           0
14:45:02  600  250    0 59,61 75,75    890          99           0
14:45:04  600  250    0 59,07 75,75    885          44           0
14:45:06  600  250    0 59,07 75,75    864          22           0
14:45:08  600  250    0 58,00 75,75  1,111          99           0
14:45:10  600  250    0 58,53 75,75    875          99           0
14:45:12  600  250    0 58,53 75,75    868         137           0
14:45:14  600  250    0 58,00 75,75    864         187           0
14:45:16  600  250    0 58,00 75,75    861          98           0
14:45:18  600  250    0 58,00 75,75    866         163           0
14:45:20  600  250    0 58,00 75,75    876         201           0
14:45:22  600  250    0 56,92 75,75    850          99           0
14:45:24  600  250    0 56,92 75,75    849         187           0
14:45:26  600  250    0 58,00 75,75    841         135           0
14:45:28  600  250    0 56,92 75,75    859         226           0
14:45:31  600  250    0 56,92 75,75    883         137           0
14:45:33  600  250    0 56,92 75,75    858         226           0
14:45:35  600  250    0 56,92 75,75    862          60           0
14:45:37  600  250    0 56,92 75,75    849         111           0
14:45:39  600  250    0 56,38 75,75    851         252           0
14:45:41  600  250    0 56,38 75,75    876          99           0
14:45:43  600  250    0 56,38 75,75    847          22           0
14:45:45  600  250    0 55,84 75,75    846          22           0
14:45:47  600  250    0 55,84 75,75    849          22           0
14:45:49  600  250    0 55,84 75,75    853         177           0
14:45:51  600  250    0 55,84 75,75    855          99           0
14:45:53  600  300    0 55,84 75,75    853          22           0
14:45:55  600  250    0 55,31 75,75    844          22           0
14:45:57  600  250    0 55,31 75,75    849          22           0
14:45:59  600  250    0 55,31 75,75    843         176           0
14:46:01  600  250    0 54,77 75,75    878          99           0
14:46:03  600  250    0 54,77 75,75    855          22           0
14:46:06  600  250    0 54,77 75,75    848          22           0
14:46:08  600  250    0 54,77 75,75  1,169          22           0
14:46:10  600  250    0 54,77 75,75    847         176           0
14:46:12  600  250    0 54,77 75,75    863          99           0
14:46:14  600  250    0 54,23 75,75    841          44           0
14:46:16  600  250    0 54,23 75,75    858          22           0
14:46:18  600  250    0 54,23 75,75    842          99           0
14:46:20  600  250    0 53,69 75,75    857          99           0
14:46:22  600  250    0 54,23 75,75    869          99           0
14:46:24  600  250    0 54,77 75,75    862          22           0
14:46:26  600  250    0 53,69 75,75    851          22           0
14:46:28  600  250    0 53,69 75,75    851          99           0
14:46:30  600  250    0 53,69 75,75    864          99           0
14:46:32  600  250    0 53,69 75,75    880          99           0
14:46:34  600  250    0 53,69 75,75    860          22           0
14:46:36  600  250    0 54,23 75,75    856          22           0
14:46:38  600  250    0 53,69 75,75    842          99           0
14:46:41  600  250    0 53,69 75,75    857          99           0
14:46:43  600  250    0 53,69 75,75    883          99           0
14:46:45  600  250    0 53,69 75,75    847          22           0
14:46:47  600  250    0 53,69 75,75    844          22           0
14:46:49  600  250    0 53,69 75,75    856         176           0
14:46:51  600  250    0 53,69 75,75    853          22           0
14:46:53  600  250    0 53,15 75,75    882          99           0
14:46:55  600  250    0 52,62 75,75    857          22           0
14:46:57  600  250    0 53,15 75,75    849          22           0
14:46:59  600  250    0 53,15 75,75    851         176           0
14:47:01  600  250    0 52,62 75,75    866          22           0
14:47:03  600  250    0 52,62 75,75    904          99           0
14:47:05  600  250    0 52,62 75,75    851          22           0
14:47:07  600  250    0 52,62 75,75  1,123          22           0
14:47:09  600  250    0 52,62 75,75    865         176           0
14:47:13 1200  400    0 56,38 75,75  1,089         105          74
14:47:16 1200  400    0 60,69 75,75  1,195          39          14
14:47:19 1200  400    0 63,38 75,75  1,192         112           0
14:47:23 1200  400    0 64,45 75,75  1,213          76           0
14:47:26 1200  400    0 65,53 75,75  1,196          28           0
14:47:29 1200  400    0 66,60 75,75  1,186         111           0
14:47:32 1200  400    0 67,68 75,75  1,204          77           0
14:47:36 1200  400    0 68,76 75,75  1,217          13           0
14:47:39 1200  400    0 69,29 75,75  1,203         124           0
14:47:42 1200  400    0 69,29 75,75  1,206          76           0
14:47:45 1200  400    0 70,91 75,75  1,194          14           0
14:47:49 1200  400    0 70,37 75,75  1,190          76           0
14:47:52 1200  400    0 70,91 75,75  1,189         124           0
14:47:55 1200  400    0 71,98 75,75  1,193          13           0
14:47:59 1200  400    0 71,98 75,75  1,186          76           0
14:48:02 1200  400    0 73,06 75,75  1,182         118           0
14:48:05 1200  400    0 73,06 75,75  1,235          14           0
14:48:09 1200  400    0 73,60 75,75  1,300          77           0
14:48:12 1200  400    0 73,60 75,75  1,194         125           0
14:48:15 1200  400    0 74,14 75,75  1,187          14           0
14:48:18 1200  400    0 74,14 75,75  1,192          75           0
14:48:22 1200  400    0 74,67 75,75  1,189         111           0
14:48:25 1200  400    0 75,21 75,75  1,187          28           0
14:48:28 1200  400    0 75,21 75,75  1,191          76           0
14:48:31 1200  400    0 75,75 75,75  1,186         111           0
14:48:35 1200  400    0 75,75 75,75  1,203          28           0
14:48:38 1200  400    0 76,29 76,29  1,186          76           0
14:48:41 1200  400    0 76,29 76,29  1,191         111           0
14:48:45 1200  400    0 76,83 76,83  1,192          27           0
14:48:48 1200  400    0 77,36 77,36  1,185          77           0
14:48:51 1200  400    0 77,36 77,36  1,189         111           0
14:48:54 1200  400    0 77,90 77,90  1,202          28           0
14:48:58 1200  400    0 77,90 77,90  1,204          14           0
14:49:01 1200  400    0 77,90 77,90  1,186         275           0
14:49:04 1200  400    0 78,44 78,44  1,192          76           0
14:49:07 1200  400    0 78,44 78,44  1,311          14           0
14:49:11 1200  400    0 78,44 78,44  1,190         125           0
14:49:14 1200  400    0 78,44 78,44  1,184          77           0
14:49:17 1200  400    0 78,98 78,98  1,187          13           0
14:49:20 1200  400    0 78,98 78,98  1,196         196         125
14:49:24 1200  400    0 78,44 78,98  1,183         107          57
14:49:27 1200  400    0 79,52 79,52  1,193          28           0
14:49:30 1200  400    0 79,52 79,52  1,195         125           0
14:49:33 1195  400    0 79,52 79,52  1,180          63           0
14:49:37 1200  400    0 79,52 79,52  1,198          28           0
14:49:40 1195  400    0 80,05 80,05  1,191         140           0
14:49:43 1200  400    0 79,52 80,05  1,191          63           0
14:49:46 1195  400    0 80,05 80,05  1,176          28           0
14:49:50 1195  400    0 80,59 80,59  1,199         124           0
14:49:53 1141  400    0 80,05 80,59  1,182          62           0
14:49:56 1141  400    0 80,05 80,59  1,194         766           0
14:50:00 1141  400    0 80,59 80,59  1,199         360           0
14:50:03 1141  400    0 80,59 80,59  1,199          76           0
14:50:06 1141  400    0 80,59 80,59  1,187          27           0
14:50:10 1141  400    0 80,59 80,59  1,322         110           0
14:50:13 1141  400    0 81,13 81,13  1,189         147           0
14:50:16 1034  400    0 80,59 81,13  1,188         130           0
14:50:19 1141  400    0 80,59 81,13  1,192         150           0
14:50:23 1141  400    0 80,59 81,13  1,189         139           0
14:50:26 1087  400    0 80,59 81,13  1,183         146           0
14:50:30 1087  400    0 80,59 81,13  1,205         235           0
14:50:33 1141  400    0 81,67 81,67  1,192         766           0
14:50:36 1087  400    0 81,13 81,67  1,204         277           0
14:50:39 1087  400    0 81,13 81,67  1,201         386           0
14:50:43 1087  400    0 80,59 81,67  1,183          75           0
14:50:46 1087  400    0 81,13 81,67  1,187          27           0
14:50:49 1141  400    0 81,67 81,67  1,206         279           0
14:50:53 1087  400    0 81,13 81,67  1,184          87           0
14:50:56 1141  400    0 80,59 81,67  1,189          27           0
14:51:00 1141  400    0 81,67 81,67  1,192         108           0
14:51:03 1141  400    0 80,59 81,67  1,190         162           0
14:51:06 1034  400    0 80,59 81,67  1,238          27           0
14:51:10 1034  400    0 81,67 81,67  1,260         107           0
14:51:13 1087  400    0 81,67 81,67  1,190          74           0
14:51:16 1034  400    0 81,13 81,67  1,182         198           0
14:51:20 1141  400    0 81,13 81,67  1,196         119           0
14:51:23 1087  400    0 81,67 81,67  1,185          60           0
14:51:27 1034  400    0 81,13 81,67  1,181          27           0
14:51:30 1141  400    0 81,67 81,67  1,201         121           0
14:51:33 1034  400    0 81,13 81,67  1,189          60           0
14:51:37 1034  400    0 80,59 81,67  1,183          27           0
14:51:40 1034  400    0 81,67 81,67  1,197         121           0
14:51:43 1034  400    0 81,13 81,67  1,186          61           0
14:51:47 1087  400    0 81,67 81,67  1,181          27           0
14:51:50 1087  400    0 81,67 81,67  1,195         291           0
14:51:53 1034  400    0 81,13 81,67  1,181          61           0
14:51:57 1034  400    0 81,67 81,67  1,188          27           0
14:52:00 1034  400    0 81,67 81,67  1,711         120           0
14:52:04 1034  400    0 81,67 81,67  1,198         128           0
14:52:07 1034  400    0 80,59 81,67  1,319          27           0
14:52:10 1034  400    0 80,59 81,67  1,338         116         358
14:52:14 1034  400    0 81,67 81,67  1,237          74         751
14:52:17 1034  400    0 80,59 81,67  1,197          13         183
14:52:21 1087  400    0 80,59 81,67  1,194         120           0
14:52:24 1087  400    0 81,67 81,67  1,212          75           0
14:52:27 1141  400    0 81,13 81,67  1,189          13           0
14:52:31 1034  400    0 81,67 81,67  1,194         121           0
14:52:34 1034  400    0 81,67 81,67  1,194          73           0
14:52:38 1141  400    0 81,67 81,67  1,190          13           0
14:52:41 1034  400    0 81,67 81,67  1,194         113           0
14:52:45  980  400    0 81,67 81,67  1,151          71           0
14:52:48 1034  400    0 81,67 81,67  1,241          27           0
14:52:52 1034  400    0 81,67 81,67  1,144         103           0
14:52:55 1034  400    0 80,59 81,67  1,238          73           0
14:52:58 1034  400    0 81,67 81,67  1,193          74           0
14:53:02 1034  400    0 81,67 81,67  1,192         119           0
14:53:05 1034  400    0 81,67 81,67  1,190          13           0
14:53:09  980  400    0 81,67 81,67  1,303          73           0
14:53:12 1034  400    0 81,67 81,67  1,187         120           0
14:53:15  980  400    0 81,67 81,67  1,192          13           0
14:53:19 1034  400    0 81,67 81,67  1,189          74           0
14:53:22  980  400    0 81,67 81,67  1,192         120           0
14:53:26  980  400    0 81,67 81,67  1,194          13           0
14:53:29 1034  400    0 81,67 81,67  1,194         240           0
14:53:32  980  400    0 81,67 81,67  1,189         120           0
14:53:36 1034  400    0 81,67 81,67  1,191          26           0
14:53:39 1034  400    0 81,67 81,67  1,188          60           0
14:53:43 1034  400    0 81,67 81,67  1,185         120           0
14:53:46 1034  400    0 81,67 81,67  1,188          26           0
14:53:49 1034  400    0 81,67 81,67  1,197         107           0
14:53:53  980  400    0 81,67 81,67  1,194          73           0
14:53:56 1034  400    0 81,67 81,67  1,182          27           0
14:54:00 1034  400    0 82,21 82,21  1,202         107           0
14:54:03  980  400    0 81,67 82,21  1,188          72           0
14:54:07 1034  400    0 82,21 82,21  1,247          26           0
14:54:10  980  400    0 81,67 82,21  1,244         112           0
14:54:12  600  250    0 77,90 82,21    904         145         110
14:54:14  600  250    0 74,67 82,21    874          22           0
14:54:16  600  250    0 73,60 82,21    847          44          24
14:54:18  600  250    0 73,06 82,21    870          99           0
14:54:20  600  250    0 71,45 82,21    848          99           0
14:54:22  600  250    0 70,37 82,21    924          99           0
14:54:24  600  250    0 69,83 82,21    864          22           0
14:54:27  600  250    0 69,29 82,21    850          22           0
14:54:29  600  250    0 68,76 82,21    855          99           0
14:54:31  600  250    0 68,76 82,21    858         100           0
14:54:33  600  250    0 67,68 82,21    858          99           0
14:54:35  600  250    0 67,68 82,21    854          22           0
14:54:37  600  250    0 66,60 82,21    848          22           0
14:54:39  600  250    0 66,60 82,21    863          99           0
14:54:41  600  250    0 66,60 82,21    854          99           0
14:54:43  600  250    0 65,53 82,21    861          99           0
14:54:45  600  250    0 65,53 82,21    853          22           0
14:54:47  600  250    0 64,99 82,21    836          22           0
14:54:49  600  250    0 64,99 82,21    881          99           0
14:54:51  600  250    0 65,53 82,21    845          99           0
14:54:53  600  250    0 64,45 82,21    872          99           0
14:54:55  600  250    0 63,91 82,21    846          22           0
14:54:57  600  250    0 63,91 82,21    855          22           0
14:54:59  600  250    0 63,38 82,21    881         176           0
14:55:02  600  250    0 63,38 82,21    842          22           0
14:55:04  600  250    0 63,38 82,21    870          99           0
14:55:06  600  250    0 62,84 82,21    837          22           0
14:55:08  600  250    0 62,30 82,21  1,071          22           0
14:55:10  600  250    0 62,84 82,21    879         199           0
14:55:12  600  250    0 62,30 82,21    865         137           0
14:55:14  600  250    0 62,30 82,21    891         161           0
14:55:16  600  250    0 61,76 82,21    849         123           0
14:55:18  600  250    0 62,30 82,21    885          22           0
14:55:20  600  250    0 61,76 82,21    879         342           0
14:55:22  600  250    0 61,22 82,21    863          99           0
14:55:24  600  250    0 61,76 82,21    891         187           0
14:55:26  600  250    0 60,15 82,21    861          98           0
14:55:28  600  250    0 60,69 82,21    886         187           0
14:55:30  600  250    0 60,69 82,21    874         214           0
14:55:32  600  250    0 60,15 82,21    867         226           0
14:55:34  800  300    0 60,69 82,21    928          60           0
14:55:36  600  250    0 60,15 82,21    892          86           0
14:55:39  600  250    0 60,15 82,21    889         201           0
14:55:41  600  250    0 60,15 82,21    874          99           0
14:55:43  600  250    0 60,15 82,21    857          99           0
14:55:45  600  250    0 59,07 82,21    884          22           0
14:55:47  600  250    0 59,07 82,21    853          22           0
14:55:49  600  250    0 59,61 82,21    892          99           0
14:55:51  600  250    0 59,07 82,21    877          99           0
14:55:53  600  250    0 59,07 82,21    890          99           0
14:55:55  600  250    0 59,07 82,21    870          22           0
14:55:57  600  250    0 59,07 82,21    855          22           0
14:55:59  600  250    0 59,07 82,21    904          99           0
14:56:01  600  250    0 59,07 82,21    853          99           0
14:56:03  600  250    0 58,00 82,21    885          99           0
14:56:05  600  250    0 58,00 82,21    857          22           0
14:56:07  600  250    0 58,00 82,21  1,181         170         291
14:56:09  600  250    0 58,53 82,21    886         211           0
14:56:11  600  250    0 58,00 82,21    865          22           0
14:56:14  600  250    0 58,00 82,21    876          99           0
14:56:16  600  250    0 58,00 82,21    854          22           0
14:56:18  600  250    0 58,00 82,21    869          22           0
14:56:20  600  250    0 56,92 82,21    880         176           0
14:56:22  600  250    0 58,00 82,21    860          44           0
14:56:24  600  250    0 57,46 82,21    868          99           0
14:56:26  600  250    0 56,92 82,21    858          22           0
14:56:28  600  250    0 56,92 82,21    875          22           0
14:56:30  600  250    0 57,46 82,21    879         177           0
14:56:32  600  250    0 57,46 82,21    863          99           0
14:56:34  600  250    0 56,38 82,21    872          22           0
14:56:36  600  250    0 56,92 82,21    867          22           0
14:56:38  600  250    0 56,92 82,21    879          22           0
14:56:40  600  250    0 56,92 82,21    873         176           0
14:56:42  600  250    0 56,38 82,21    858          99           0
14:56:44  600  250    0 56,38 82,21    879          22           0
14:56:46  600  250    0 55,84 82,21    858          22           0
14:56:49  600  250    0 55,84 82,21    892          99           0
14:56:51  600  250    0 56,38 82,21    871          99           0
14:56:53  600  250    0 56,38 82,21    858          99           0
14:56:55  600  250    0 55,84 82,21    884          22           0
14:56:57  600  250    0 55,84 82,21    857          22           0
14:56:59  600  250    0 56,38 82,21    885          99           0
14:57:01  600  250    0 55,84 82,21    875          99           0
14:57:03  600  250    0 56,38 82,21    884          99           0
14:57:05  600  250    0 55,84 82,21    851          22           0
14:57:07  600  250    0 55,84 82,21  1,029          22           0
14:57:09  600  250    0 55,84 82,21    898          99           0
