  Config: v0,5,5, args "", priority lowest +19
   Board: 4 x ARMv7 cores available, ondemand governor Pi3 rev 1,2, BCM2837 So with 1GB RAM by Sony UK
  Memory: 1024MB split 948MB ARM, 76MB GPU plus 100MB Swap
HW Block: |   ARM   |  Core  |  H264  |    SDRAM    |
Min Freq: |  600MHz | 250MHz |   0MHz |    450MHz   |
Max Freq: | 1200MHz | 400MHz | 300MHz |    450MHz   |
Voltages: |         0, 1,2813V        | +1, 1,2250V |
   Other: temp_limit=85
Firmware: Jul 17 2020 11:04:27, version 21a15cb094f41c7506ad65d2cb9b29c550693057 clean release start
  Codecs: H264 H263 MPG4 MJPG PCM
  Booted: Wed Sep  2 12:02:10 2020
Time         ARM    Core    H264 Core Temp Max  IRQ/s      RX B/s      TX B/s
12:14:14 1200  400    0 44,55 44,55  2,844           0           0
12:14:16  600  250    0 43,47 44,55    993          22           0
12:14:18  600  250    0 43,47 44,55    965         199           0
12:14:20  600  250    0 43,47 44,55    974          99           0
12:14:22  600  250    0 43,47 44,55    974          22           0
12:14:24 1200  400    0 45,08 45,08  1,040          46          95
12:14:26 1200  400    0 46,16 46,16  1,093          22           0
12:14:28 1200  400    0 47,24 47,24  1,061         178           0
12:14:30 1200  400    0 47,77 47,77  1,094         163           0
12:14:32 1200  400    0 48,31 48,31  1,350         123           0
12:14:34 1200  400    0 48,31 48,31  1,063          22           0
12:14:36 1200  400    0 48,85 48,85  1,095          22           0
12:14:38 1200  400    0 49,39 49,39  1,065         178           0
12:14:40 1200  400    0 49,39 49,39  1,063         100           0
12:14:42 1200  400    0 49,93 49,93  1,062          22           0
12:14:44 1200  400    0 49,39 49,93  1,089          22           0
12:14:46 1200  400    0 50,46 50,46  1,069          22           0
12:14:48 1200  400    0 49,93 50,46  1,062         178           0
12:14:50 1200  400    0 50,46 50,46  1,059         100           0
12:14:53 1200  400    0 50,46 50,46  1,073          22           0
12:14:55 1200  400    0 50,46 50,46  1,087          22           0
12:14:57 1200  400    0 50,46 50,46  1,066          22           0
12:14:59 1200  400    0 51,00 51,00  1,073         178           0
12:15:01 1200  400    0 51,54 51,54  1,066         100           0
12:15:03 1200  400    0 52,08 52,08  1,069          22           0
12:15:05 1200  400    0 51,54 52,08  1,085          22           0
12:15:07 1200  400    0 51,54 52,08  1,067         100           0
12:15:09 1200  400    0 51,54 52,08  1,071         100           0
12:15:11 1200  400    0 51,54 52,08  1,067         100           0
12:15:13 1200  400    0 51,54 52,08  1,065         137           0
12:15:15 1200  400    0 51,54 52,08  1,089         150           0
12:15:17 1200  400    0 51,54 52,08  1,067         138           0
12:15:19 1200  400    0 52,08 52,08  1,068         228           0
12:15:21 1200  400    0 51,54 52,08  1,066         138           0
12:15:23 1200  400    0 52,08 52,08  1,070         112           0
12:15:25 1200  400    0 52,08 52,08  1,085         137           0
12:15:27 1200  400    0 52,08 52,08  1,067         242           0
12:15:29 1200  400    0 52,08 52,08  1,062         202           0
12:15:31 1200  400    0 51,54 52,08  1,250         100           0
12:15:33 1200  400    0 52,08 52,08  1,071         189           0
12:15:35 1200  400    0 52,62 52,62  1,087          22           0
12:15:37 1200  400    0 52,62 52,62  1,063         228           0
12:15:39 1200  400    0 52,62 52,62  1,067         138           0
12:15:41 1200  400    0 52,62 52,62  1,065         100           0
12:15:43 1200  400    0 52,62 52,62  1,060          22           0
12:15:46 1200  400    0 53,15 53,15  1,090          22           0
12:15:48 1200  400    0 52,62 53,15  1,064         100           0
12:15:50 1200  400    0 52,62 53,15  1,065         100           0
12:15:52 1200  400    0 53,15 53,15  1,064         100           0
12:15:54 1200  400    0 52,62 53,15  1,065          22           0
12:15:56 1200  400    0 53,15 53,15  1,084          22           0
12:15:58 1200  400    0 53,15 53,15  1,068         123           0
12:16:00 1200  400    0 52,62 53,15  1,066         100           0
12:16:02 1200  400    0 53,15 53,15  1,072         100           0
12:16:04 1200  400    0 52,62 53,15  1,067          22           0
12:16:06 1200  400    0 53,69 53,69  1,088          22           0
12:16:08 1200  400    0 53,69 53,69  1,061         100           0
12:16:10 1200  400    0 53,15 53,69  1,070         100           0
12:16:12 1200  400    0 53,69 53,69  1,067         100           0
12:16:14 1200  400    0 53,69 53,69  1,062          22           0
12:16:16 1200  400    0 53,69 53,69  1,094          22           0
12:16:18 1200  400    0 53,15 53,69  1,067         178           0
12:16:20 1200  400    0 53,69 53,69  1,065          22           0
12:16:22 1200  400    0 53,69 53,69  1,073         100           0
12:16:24 1200  400    0 53,69 53,69  1,064          22           0
12:16:26 1200  400    0 53,69 53,69  1,067          22           0
12:16:28 1200  400    0 53,69 53,69  1,069         178           0
12:16:30 1200  400    0 53,69 53,69  1,170         100           0
12:16:32 1200  400    0 53,69 53,69  1,197          22           0
12:16:34 1200  400    0 53,69 53,69  1,055          22           0
12:16:37 1200  400    0 53,69 53,69  1,068          22           0
12:16:39 1200  400    0 53,69 53,69  1,068         178           0
12:16:41 1200  400    0 53,69 53,69  1,068         100           0
12:16:43 1200  400    0 53,69 53,69  1,067          22           0
12:16:45 1200  400    0 53,69 53,69  1,108          22           0
12:16:47 1200  400    0 53,69 53,69  1,068         100           0
12:16:49 1200  400    0 53,69 53,69  1,067         100           0
12:16:51 1200  400    0 53,69 53,69  1,063         100           0
12:16:53 1200  400    0 53,69 53,69  1,068          22           0
12:16:55 1200  400    0 54,23 54,23  1,092          22           0
12:16:57 1200  400    0 54,23 54,23  1,070         100           0
12:16:59 1200  400    0 53,69 54,23  1,071         100           0
12:17:01 1200  400    0 53,69 54,23  1,068         100           0
12:17:03 1200  400    0 53,69 54,23  1,122          22           0
12:17:05 1200  400    0 54,23 54,23  1,098          22           0
12:17:07 1200  400    0 54,77 54,77  1,060         100           0
12:17:09 1200  400    0 53,69 54,77  1,061         100           0
12:17:11 1200  400    0 53,69 54,77  1,070         100           0
12:17:13 1200  400    0 53,69 54,77  1,069          22           0
12:17:15 1200  400    0 53,69 54,77  1,109          22           0
12:17:17 1200  400    0 54,23 54,77  1,070         100           0
12:17:19 1200  400    0 54,77 54,77  1,075         100           0
12:17:21 1200  400    0 53,69 54,77  1,068         100           0
12:17:23 1200  400    0 54,77 54,77  1,063          22           0
12:17:25 1200  400    0 54,23 54,77  1,070          22           0
12:17:28 1200  400    0 54,23 54,77  1,067         100           0
12:17:30 1200  400    0 54,77 54,77  1,065         100           0
12:17:32 1200  400    0 54,77 54,77  1,374         135           0
12:17:34 1200  400    0 54,23 54,77  1,124          93           0
12:17:36 1200  400    0 54,23 54,77  1,111          22           0
12:17:38 1200  400    0 54,23 54,77  1,070         178           0
12:17:40 1200  400    0 54,77 54,77  1,066         100           0
12:17:42 1200  400    0 54,77 54,77  1,059          45           0
12:17:44 1200  400    0 54,77 54,77  1,087          22           0
12:17:46 1200  400    0 54,77 54,77  1,149          22           0
12:17:48 1200  400    0 54,23 54,77  1,082         178           0
12:17:50 1200  400    0 55,31 55,31  1,065         100           0
12:17:52 1200  400    0 54,77 55,31  1,059          22           0
12:17:54 1200  400    0 54,77 55,31  1,058          22           0
12:17:56 1200  400    0 54,77 55,31  1,062          22           0
12:17:58 1200  400    0 54,77 55,31  1,068         178           0
12:18:00 1200  400    0 54,77 55,31  1,063         100           0
12:18:02 1200  400    0 54,77 55,31  1,076          22           0
12:18:04 1200  400    0 54,77 55,31  1,070          22           0
12:18:06 1200  400    0 54,77 55,31  1,063          22           0
12:18:08 1200  400    0 55,31 55,31  1,073         178           0
12:18:10 1200  400    0 54,77 55,31  1,063         100           0
12:18:12 1200  400    0 54,77 55,31  1,082          22           0
12:18:14 1200  400    0 55,31 55,31  1,074          22           0
12:18:16 1200  400    0 54,77 55,31  1,063          22           0
12:18:18 1200  400    0 55,31 55,31  1,058         178           0
12:18:21 1200  400    0 55,31 55,31  1,065         100           0
12:18:23 1200  400    0 54,77 55,31  1,064          22           0
12:18:25 1200  400    0 54,77 55,31  1,066          22           0
12:18:27 1200  400    0 55,31 55,31  1,070          22           0
12:18:29 1200  400    0 55,84 55,84  1,067         178           0
12:18:31 1200  400    0 55,31 55,84  1,267         100           0
12:18:33 1200  400    0 55,31 55,84  1,209          22           0
12:18:35 1200  400    0 54,77 55,84  1,107          22           0
12:18:37 1200  400    0 55,31 55,84  1,077         100           0
12:18:39 1200  400    0 54,77 55,84  1,089         100           0
12:18:41 1200  400    0 54,77 55,84  1,085         100           0
12:18:43 1200  400    0 55,84 55,84  1,096          22           0
12:18:45 1200  400    0 55,31 55,84  1,103          22           0
12:18:47 1200  400    0 55,84 55,84  1,079         100           0
12:18:49 1200  400    0 55,84 55,84  1,082         100           0
12:18:51 1200  400    0 54,77 55,84  1,077         100           0
12:18:53 1200  400    0 54,77 55,84  1,083          22           0
12:18:55 1200  400    0 55,31 55,84  1,073          22           0
12:18:57 1200  400    0 55,84 55,84  1,082         100           0
12:18:59 1200  400    0 55,84 55,84  1,079         100           0
12:19:01 1200  400    0 55,31 55,84  1,085         100           0
12:19:03 1200  400    0 54,77 55,84  1,084          22           0
12:19:05 1200  400    0 55,84 55,84  1,077          22           0
12:19:07 1200  400    0 55,84 55,84  1,077         100           0
12:19:09 1200  400    0 55,84 55,84  1,092         100           0
12:19:11 1200  400    0 55,84 55,84  1,077         100           0
12:19:14 1200  400    0 55,84 55,84  1,104          22           0
12:19:16 1200  400    0 55,84 55,84  1,082          22           0
12:19:18 1200  400    0 55,84 55,84  1,076         100           0
12:19:20 1200  400    0 55,84 55,84  1,081         100           0
12:19:22 1200  400    0 55,84 55,84  1,080         100           0
12:19:24 1200  400    0 55,84 55,84  1,122          22           0
12:19:26 1200  400    0 55,84 55,84  1,108          45           0
12:19:28 1200  400    0 55,84 55,84  1,091         100           0
12:19:30 1200  400    0 55,84 55,84  1,075         100           0
12:19:32 1200  400    0 55,84 55,84  1,366         100           0
12:19:34 1200  400    0 55,84 55,84  1,087          22           0
12:19:36 1200  400    0 55,84 55,84  1,080          22           0
12:19:38 1200  400    0 55,84 55,84  1,085         123           0
12:19:40 1200  400    0 55,84 55,84  1,083         100           0
12:19:42 1200  400    0 55,84 55,84  1,080         100           0
12:19:44 1200  400    0 55,84 55,84  1,099         134           0
12:19:46 1200  400    0 55,84 55,84  1,081          22           0
12:19:48 1200  400    0 56,38 56,38  1,087         100           0
12:19:50 1200  400    0 55,84 56,38  1,079         100           0
12:19:52 1200  400    0 56,38 56,38  1,089         100           0
12:19:54 1200  400    0 56,38 56,38  1,083          22           0
12:19:56 1200  400    0 55,84 56,38  1,082          22           0
12:19:58 1200  400    0 56,38 56,38  1,084         178           0
12:20:00 1200  400    0 55,84 56,38  1,080         142           0
12:20:02 1200  400    0 55,84 56,38  1,077         100           0
12:20:05 1200  400    0 55,84 56,38  1,084          22           0
12:20:07 1200  400    0 56,38 56,38  1,084          22           0
12:20:09 1200  400    0 55,84 56,38  1,080         178           0
12:20:11 1200  400    0 55,84 56,38  1,081         100           0
12:20:13 1200  400    0 56,38 56,38  1,100          99           0
12:20:15 1200  400    0 55,84 56,38  1,084         190           0
12:20:17 1200  400    0 55,84 56,38  1,083          60           0
12:20:19 1200  400    0 56,38 56,38  1,088         306           0
12:20:21 1200  400    0 55,84 56,38  1,085         138           0
12:20:23 1200  400    0 56,38 56,38  1,088          86           0
12:20:25 1200  400    0 56,38 56,38  1,088         163           0
12:20:27 1200  400    0 56,38 56,38  1,090         177           0
12:20:29 1200  400    0 56,38 56,38  1,080         267           0
12:20:31 1200  400    0 55,84 56,38  1,390         100           0
12:20:33 1200  400    0 56,38 56,38  1,085         189           0
12:20:35 1200  400    0 56,38 56,38  1,084          22           0
12:20:37 1200  400    0 56,38 56,38  1,083         228           0
12:20:39 1200  400    0 56,38 56,38  1,084         138           0
12:20:41 1200  400    0 55,84 56,38  1,082         100           0
12:20:43 1200  400    0 56,38 56,38  1,104          22           0
12:20:45 1200  400    0 55,84 56,38  1,079          22           0
12:20:47 1200  400    0 56,38 56,38  1,081         100           0
12:20:49 1200  400    0 55,84 56,38  1,082         100           0
12:20:51 1200  400    0 56,38 56,38  1,078         100           0
12:20:53 1200  400    0 56,38 56,38  1,082          22           0
12:20:55 1200  400    0 56,38 56,38  1,079          22           0
12:20:58 1200  400    0 56,92 56,92  1,080         100           0
12:21:00 1200  400    0 56,92 56,92  1,086         100           0
12:21:02 1200  400    0 56,92 56,92  1,083         100           0
12:21:04 1200  400    0 56,38 56,92  1,075          22           0
12:21:06 1200  400    0 56,38 56,92  1,086          22           0
12:21:08 1200  400    0 56,38 56,92  1,076         100           0
12:21:10 1200  400    0 56,38 56,92  1,092         100           0
12:21:12 1200  400    0 56,38 56,92  1,084         123           0
12:21:14 1200  400    0 56,38 56,92  1,093          22           0
12:21:16 1200  400    0 56,92 56,92  1,083          22           0
12:21:18 1200  400    0 56,38 56,92  1,119         249         247
12:21:20 1200  400    0 56,38 56,92  1,078         135          46
12:21:22 1200  400    0 56,38 56,92  1,078         100           0
12:21:24  600  250    0 55,84 56,92  1,066          68         174
12:21:26  600  250    0 53,69 56,92    986          22           0
12:21:28  600  250    0 52,62 56,92    993          99           0
12:21:30  600  250    0 52,08 56,92  1,044         121          24
12:21:32  600  250    0 52,08 56,92  1,278          99           0
12:21:34  600  250    0 51,54 56,92    987          22           0
12:21:36  600  250    0 51,54 56,92    994          22           0
12:21:38  600  250    0 50,46 56,92  1,000         176           0
12:21:40  600  250    0 50,46 56,92    985          22           0
12:21:43  600  250    0 50,46 56,92  1,010          99           0
12:21:45  600  250    0 49,39 56,92    987          22           0
12:21:47  600  250    0 49,93 56,92    997          22           0
12:21:49  600  250    0 49,93 56,92    993         176           0
12:21:51  600  250    0 49,39 56,92    998          99           0
12:21:53  600  250    0 49,39 56,92  1,010          22           0
12:21:55  600  250    0 49,39 56,92    982          22           0
12:21:57  600  250    0 49,39 56,92    994          22           0
12:21:59  600  250    0 49,39 56,92    994         176           0
12:22:01  600  250    0 49,39 56,92    993         121           0
12:22:03  600  250    0 49,39 56,92    989          44           0
12:22:05  600  250    0 48,85 56,92    989          22           0
12:22:07  600  250    0 48,31 56,92    993          99           0
12:22:09  600  250    0 48,31 56,92    984          99           0
12:22:11  600  250    0 48,85 56,92    999          99           0
12:22:13  600  250    0 48,85 56,92    995          22           0
12:22:16  600  250    0 48,31 56,92    992          22           0
12:22:18  600  250    0 48,31 56,92    983          99           0
12:22:20  600  250    0 48,31 56,92    995          99           0
12:22:22  600  250    0 48,31 56,92    995          99           0
12:22:24  600  250    0 48,31 56,92    990          22           0
12:22:26  600  250    0 48,31 56,92    993          44           0
12:22:28  600  250    0 48,85 56,92    991          99           0
12:22:30  600  250    0 47,77 56,92    991          99           0
12:22:32  600  250    0 48,31 56,92  1,297          99           0
12:22:34  600  250    0 48,31 56,92    991          22           0
12:22:36  600  250    0 48,31 56,92    992          22           0
12:22:38  600  250    0 48,31 56,92    989         176           0
12:22:40  600  250    0 48,31 56,92  1,001          22           0
12:22:42  600  250    0 47,77 56,92    996          99           0
12:22:44  600  250    0 47,77 56,92    994          22           0
12:22:46  600  250    0 47,77 56,92    998          22           0
12:22:48  600  250    0 47,77 56,92    988         176           0
12:22:51  600  250    0 48,31 56,92    993          99           0
12:22:53  600  250    0 47,77 56,92    991          22           0
12:22:55  600  250    0 48,31 56,92    994          22           0
12:22:57  600  250    0 47,77 56,92    988          22           0
12:22:59  600  250    0 47,77 56,92    990         177           0
12:23:01  600  250    0 47,24 56,92    986          99           0
12:23:03  600  250    0 48,31 56,92    993          22           0
12:23:05  600  250    0 47,77 56,92    991          22           0
12:23:07  600  250    0 48,31 56,92    994          22           0
12:23:09  600  250    0 47,77 56,92  1,004         176           0
12:23:11  600  250    0 47,77 56,92    991          99           0
12:23:13  600  250    0 47,77 56,92  1,007          22           0
12:23:15  600  250    0 47,24 56,92    990          22           0
12:23:17  600  250    0 47,77 56,92    983          99           0
12:23:19  600  250    0 47,77 56,92    993          99           0
12:23:21  600  250    0 47,77 56,92    993          99           0
12:23:23  600  250    0 47,24 56,92    991          22           0
12:23:26  600  250    0 47,24 56,92    987          22           0
12:23:28  600  250    0 47,77 56,92    993          99           0
12:23:30  600  250    0 47,77 56,92    982          99           0
12:23:32  600  250    0 47,24 56,92  1,318          99           0
12:23:34  600  250    0 47,24 56,92  1,010          22           0
12:23:36  600  250    0 47,24 56,92    996          44           0
12:23:38  600  250    0 47,24 56,92    990          99           0
12:23:40  600  250    0 47,24 56,92    992          99           0
12:23:42  600  250    0 47,77 56,92    991          99           0
12:23:44  600  250    0 47,24 56,92    997          22           0
12:23:46  600  250    0 47,77 56,92    992          22           0
12:23:48  600  250    0 47,77 56,92    994         176           0
12:23:50  600  250    0 47,24 56,92    990          99           0
12:23:52  600  250    0 46,70 56,92    992          22           0
12:23:54  600  250    0 47,24 56,92    983          22           0
12:23:56  600  250    0 47,24 56,92    989          22           0
12:23:58  600  250    0 47,24 56,92    987         176           0
12:24:01  600  250    0 47,24 56,92    992          22           0
12:24:03  600  250    0 47,24 56,92    985          99           0
12:24:05  600  250    0 47,24 56,92    990          22           0
12:24:07  600  250    0 47,24 56,92    999          22           0
12:24:09  600  250    0 47,24 56,92    990         176           0
12:24:11  600  250    0 46,16 56,92    987          99           0
12:24:13  600  250    0 47,24 56,92  1,009          22           0
12:24:15  600  250    0 47,24 56,92    990          22           0
12:24:17  600  250    0 47,24 56,92    985          22           0
12:24:19  600  250    0 46,70 56,92    993         411           0
12:24:21  600  250    0 46,70 56,92    985          99           0
12:24:23  600  250    0 47,77 56,92    987          22           0
12:24:25 1200  400    0 50,46 56,92  1,184          68         183
12:24:27 1200  400    0 52,62 56,92  1,178          22           0
12:24:29 1200  400    0 53,69 56,92  1,173         201          24
12:24:31 1200  400    0 54,77 56,92  1,437         100           0
12:24:33 1200  400    0 55,31 56,92  1,180         109           0
12:24:35 1200  400    0 56,38 56,92  1,170          99           0
12:24:37 1200  400    0 56,92 56,92  1,178         100           0
12:24:39 1200  400    0 56,92 56,92  1,172         100           0
12:24:41 1200  400    0 58,00 58,00  1,174         100           0
12:24:44 1200  400    0 58,00 58,00  1,189          22           0
12:24:46 1200  400    0 58,00 58,00  1,171          22           0
12:24:48 1200  400    0 58,00 58,00  1,172         100           0
12:24:50 1200  400    0 59,07 59,07  1,170         100           0
12:24:52 1200  400    0 59,07 59,07  1,174         100           0
12:24:54 1200  400    0 59,61 59,61  1,170          22           0
12:24:56 1200  400    0 59,07 59,61  1,165          45           0
12:24:58 1200  400    0 60,15 60,15  1,173         100           0
12:25:00 1200  400    0 59,07 60,15  1,176         100           0
12:25:02 1200  400    0 59,61 60,15  1,174         100           0
12:25:04 1200  400    0 60,15 60,15  1,169          22           0
12:25:06 1200  400    0 59,61 60,15  1,168          22           0
12:25:08 1200  400    0 60,69 60,69  1,171         100           0
12:25:10 1200  400    0 60,69 60,69  1,172         100           0
12:25:12 1200  400    0 60,69 60,69  1,176         176           0
12:25:14 1200  400    0 60,69 60,69  1,187          60           0
12:25:16 1200  400    0 60,69 60,69  1,174         189           0
12:25:18 1200  400    0 61,22 61,22  1,169         100           0
12:25:20 1200  400    0 61,22 61,22  1,173         228           0
12:25:22 1200  400    0 61,22 61,22  1,176         139           0
12:25:24 1200  400    0 61,22 61,22  1,173         150           0
12:25:26 1200  400    0 61,22 61,22  1,169          99           0
12:25:28 1200  400    0 60,69 61,22  1,175         319           0
12:25:30 1200  400    0 61,76 61,76  1,312         202           0
12:25:32 1200  400    0 61,76 61,76  1,358          22           0
12:25:35 1200  400    0 62,30 62,30  1,175         189           0
12:25:37 1200  400    0 61,76 62,30  1,170          22           0
12:25:39 1200  400    0 61,22 62,30  1,171         268           0
12:25:41 1200  400    0 62,30 62,30  1,170         100           0
12:25:43 1200  400    0 62,30 62,30  1,196         100           0
12:25:45 1200  400    0 62,30 62,30  1,168          22           0
12:25:47 1200  400    0 62,30 62,30  1,173          22           0
12:25:49 1200  400    0 62,30 62,30  1,172         178           0
12:25:51 1200  400    0 62,30 62,30  1,169          22           0
12:25:53 1200  400    0 62,30 62,30  1,172         100           0
12:25:55 1200  400    0 63,38 63,38  1,169          22           0
12:25:57 1200  400    0 62,30 63,38  1,169          22           0
12:25:59 1200  400    0 62,84 63,38  1,170         178           0
12:26:01 1200  400    0 62,84 63,38  1,169         100           0
12:26:03 1200  400    0 62,30 63,38  1,179          22           0
12:26:05 1200  400    0 62,84 63,38  1,168          22           0
12:26:07 1200  400    0 62,84 63,38  1,172          22           0
12:26:09 1200  400    0 62,84 63,38  1,173         178           0
12:26:11 1200  400    0 62,84 63,38  1,177         100           0
12:26:13 1200  400    0 62,84 63,38  1,186          22           0
12:26:15 1200  400    0 63,38 63,38  1,169          22           0
12:26:17 1200  400    0 62,84 63,38  1,170         100           0
12:26:19 1200  400    0 63,38 63,38  1,171         100           0
12:26:21 1200  400    0 63,38 63,38  1,170         100           0
12:26:23 1200  400    0 63,38 63,38  1,171          22           0
12:26:25 1200  400    0 63,38 63,38  1,168          22           0
12:26:28 1200  400    0 63,38 63,38  1,168         100           0
12:26:30 1200  400    0 63,38 63,38  1,171         100           0
12:26:32 1200  400    0 63,38 63,38  1,429         100           0
12:26:34 1200  400    0 63,38 63,38  1,170          22           0
12:26:36 1200  400    0 63,91 63,91  1,170          22           0
12:26:38 1200  400    0 63,38 63,91  1,172         100           0
12:26:40 1200  400    0 64,45 64,45  1,165         123           0
12:26:42 1200  400    0 63,38 64,45  1,193         100           0
12:26:44 1200  400    0 63,38 64,45  1,187          22           0
12:26:46 1200  400    0 63,38 64,45  1,166          22           0
12:26:48 1200  400    0 64,45 64,45  1,176         100           0
12:26:50 1200  400    0 64,45 64,45  1,172         100           0
12:26:52 1200  400    0 63,91 64,45  1,170         100           0
12:26:54 1200  400    0 64,45 64,45  1,171          22           0
12:26:56 1200  400    0 64,45 64,45  1,167          22           0
12:26:58 1200  400    0 64,45 64,45  1,173         100           0
12:27:00 1200  400    0 64,45 64,45  1,170         100           0
12:27:02 1200  400    0 64,45 64,45  1,172         100           0
12:27:04 1200  400    0 64,99 64,99  1,170          22           0
12:27:06 1200  400    0 63,91 64,99  1,170          22           0
12:27:08 1200  400    0 64,45 64,99  1,170         100           0
12:27:10 1200  400    0 64,99 64,99  1,169         100           0
12:27:12 1200  400    0 64,45 64,99  1,190         100           0
12:27:14 1200  400    0 64,45 64,99  1,169          22           0
12:27:16 1200  400    0 64,45 64,99  1,169          22           0
12:27:19 1200  400    0 64,45 64,99  1,176         100           0
12:27:21 1200  400    0 64,99 64,99  1,172         100           0
12:27:23 1200  400    0 64,45 64,99  1,166         100           0
12:27:25 1200  400    0 64,45 64,99  1,173          22           0
12:27:27 1200  400    0 64,45 64,99  1,170          22           0
12:27:29 1200  400    0 64,45 64,99  1,171         100           0
12:27:31 1200  400    0 64,99 64,99  1,340         100           0
12:27:33 1200  400    0 64,99 64,99  1,284         100           0
12:27:35 1200  400    0 64,99 64,99  1,170          22           0
12:27:37 1200  400    0 64,45 64,99  1,173          22           0
12:27:39 1200  400    0 64,45 64,99  1,173         178           0
12:27:41 1200  400    0 64,99 64,99  1,172         100           0
12:27:43 1200  400    0 65,53 65,53  1,193          22           0
12:27:45 1200  400    0 64,99 65,53  1,175          22           0
12:27:47 1200  400    0 64,99 65,53  1,173          22           0
12:27:49 1200  400    0 65,53 65,53  1,171         178           0
12:27:51 1200  400    0 65,53 65,53  1,170          22           0
12:27:53 1200  400    0 64,45 65,53  1,174         100           0
12:27:55 1200  400    0 65,53 65,53  1,172          22           0
12:27:57 1200  400    0 65,53 65,53  1,176          22           0
12:27:59 1200  400    0 64,99 65,53  1,175         178           0
12:28:01 1200  400    0 64,99 65,53  1,178         100           0
12:28:03 1200  400    0 65,53 65,53  1,170          22           0
12:28:05 1200  400    0 65,53 65,53  1,173          22           0
12:28:07 1200  400    0 64,99 65,53  1,176          22           0
12:28:09 1200  400    0 64,99 65,53  1,172         178           0
12:28:12 1200  400    0 66,07 66,07  1,174         100           0
12:28:14 1200  400    0 64,99 66,07  1,193          22           0
12:28:16 1200  400    0 65,53 66,07  1,169          22           0
12:28:18 1200  400    0 65,53 66,07  1,230         100           0
12:28:20 1200  400    0 65,53 66,07  1,182         100           0
12:28:22 1200  400    0 66,60 66,60  1,189         100           0
12:28:24 1200  400    0 66,07 66,60  1,161          45           0
12:28:26 1200  400    0 66,60 66,60  1,174          22           0
12:28:28 1200  400    0 66,60 66,60  1,167         100           0
12:28:30 1200  400    0 65,53 66,60  1,167         100           0
12:28:32 1200  400    0 66,60 66,60  1,428         100           0
12:28:34 1200  400    0 66,60 66,60  1,165          22           0
12:28:36 1200  400    0 66,60 66,60  1,163          22           0
12:28:38 1200  400    0 66,60 66,60  1,162         100           0
12:28:40 1200  400    0 66,60 66,60  1,168         100           0
12:28:42 1200  400    0 66,60 66,60  1,165         100           0
12:28:44 1200  400    0 66,07 66,60  1,180          22           0
12:28:46 1200  400    0 66,60 66,60  1,163          22           0
12:28:48 1200  400    0 66,60 66,60  1,161         100           0
12:28:50 1200  400    0 66,60 66,60  1,166         100           0
12:28:52 1200  400    0 66,60 66,60  1,166         100           0
12:28:54 1200  400    0 66,60 66,60  1,156          22           0
12:28:56 1200  400    0 66,60 66,60  1,166          22           0
12:28:58 1200  400    0 66,60 66,60  1,166         100           0
12:29:00 1200  400    0 66,60 66,60  1,166         100           0
12:29:03 1200  400    0 66,60 66,60  1,169         100           0
12:29:05 1200  400    0 65,53 66,60  1,172          22           0
12:29:07 1200  400    0 66,07 66,60  1,169          22           0
12:29:09 1200  400    0 65,53 66,60  1,177         178           0
12:29:11 1200  400    0 66,07 66,60  1,174         100           0
12:29:13 1200  400    0 66,60 66,60  1,191          22           0
12:29:15 1200  400    0 65,53 66,60  1,160          22           0
12:29:17 1200  400    0 65,53 66,60  1,168          22           0
12:29:19 1200  400    0 66,07 66,60  1,165         100           0
12:29:21 1200  400    0 65,53 66,60  1,166         100           0
12:29:23 1200  400    0 65,53 66,60  1,168         100           0
12:29:25 1200  400    0 65,53 66,60  1,166          22           0
12:29:27 1200  400    0 66,07 66,60  1,165          22           0
12:29:29 1200  400    0 65,53 66,60  1,173         179           0
12:29:31 1200  400    0 66,07 66,60  1,404         100           0
12:29:33 1200  400    0 66,60 66,60  1,187          22           0
12:29:35 1200  400    0 66,60 66,60  1,170          22           0
12:29:37 1200  400    0 66,60 66,60  1,170          45           0
12:29:39 1200  400    0 66,60 66,60  1,172         178           0
12:29:41 1200  400    0 66,07 66,60  1,171         100           0
12:29:43 1200  400    0 65,53 66,60  1,181          22           0
12:29:45 1200  400    0 66,60 66,60  1,199          22           0
12:29:47 1200  400    0 66,60 66,60  1,170          22           0
12:29:49 1200  400    0 67,14 67,14  1,173         178           0
12:29:51 1200  400    0 67,14 67,14  1,203         250         248
12:29:53 1200  400    0 66,60 67,14  1,165          57          46
12:29:56 1200  400    0 67,14 67,14  1,164          22           0
12:29:58 1200  400    0 66,60 67,14  1,162          22           0
12:30:00 1200  400    0 66,60 67,14  1,162         178           0
12:30:02 1200  400    0 66,60 67,14  1,170         100           0
12:30:04 1200  400    0 66,60 67,14  1,169          22           0
12:30:06 1200  400    0 66,60 67,14  1,171          22           0
12:30:08 1200  400    0 66,60 67,14  1,161         123           0
12:30:10 1200  400    0 66,60 67,14  1,173         100           0
12:30:12 1200  400    0 66,60 67,14  1,165         138           0
12:30:14 1200  400    0 66,60 67,14  1,180         189           0
12:30:16 1200  400    0 66,60 67,14  1,165          99           0
12:30:18 1200  400    0 66,60 67,14  1,163         100           0
12:30:20 1200  400    0 66,60 67,14  1,173         267           0
12:30:22 1200  400    0 66,60 67,14  1,165         100           0
12:30:24 1200  400    0 66,60 67,14  1,164         189           0
12:30:26 1200  400    0 66,60 67,14  1,165          99           0
12:30:28 1200  400    0 66,60 67,14  1,172         266           0
12:30:30 1200  400    0 66,60 67,14  1,212         138           0
12:30:32 1200  400    0 66,60 67,14  1,321         229           0
12:30:34 1200  400    0 67,68 67,68  1,161          60           0
12:30:36 1200  400    0 66,60 67,68  1,165          86           0
12:30:38 1200  400    0 67,68 67,68  1,160         202           0
12:30:40 1200  400    0 67,68 67,68  1,188         100           0
12:30:42 1200  400    0 67,68 67,68  1,178         100           0
12:30:44 1200  400    0 67,68 67,68  1,166          22           0
12:30:47 1200  400    0 67,68 67,68  1,166          22           0
12:30:49 1200  400    0 67,68 67,68  1,164         100           0
12:30:51 1200  400    0 67,68 67,68  1,168         100           0
12:30:53 1200  400    0 67,68 67,68  1,171         100           0
12:30:55 1200  400    0 67,68 67,68  1,168          22           0
12:30:57 1200  400    0 66,60 67,68  1,186          22           0
12:30:59 1200  400    0 67,68 67,68  1,168         100           0
12:31:01 1200  400    0 67,68 67,68  1,166         100           0
12:31:03 1200  400    0 67,68 67,68  1,163         100           0
12:31:05 1200  400    0 67,68 67,68  1,169          22           0
12:31:07 1200  400    0 68,22 68,22  1,176          22           0
12:31:09 1200  400    0 67,68 68,22  1,162         100           0
12:31:11 1200  400    0 67,68 68,22  1,170         100           0
12:31:13 1200  400    0 68,22 68,22  1,180         100           0
12:31:15 1200  400    0 67,68 68,22  1,165          22           0
12:31:17 1200  400    0 67,14 68,22  1,182          22           0
12:31:19 1200  400    0 67,68 68,22  1,165         178           0
12:31:21 1200  400    0 67,14 68,22  1,167          22           0
12:31:23 1200  400    0 67,68 68,22  1,178         146         112
12:31:25  600  250    0 64,45 68,22    991          22           0
12:31:27  600  250    0 62,30 68,22    995          22           0
12:31:29  600  250    0 60,69 68,22    992         199          24
12:31:31  600  250    0 59,07 68,22  1,197          99           0
12:31:34  600  250    0 59,07 68,22    993          22           0
12:31:36  600  250    0 58,00 68,22    989          22           0
12:31:38  600  250    0 57,46 68,22    982          22           0
12:31:40  600  250    0 57,46 68,22    982         176           0
12:31:42  600  250    0 57,46 68,22  1,000         121           0
12:31:44  600  250    0 56,38 68,22    980         133           0
12:31:46  600  250    0 56,38 68,22    988          22           0
12:31:48  600  250    0 55,84 68,22    986          99           0
12:31:50  600  250    0 55,84 68,22    987          99           0
12:31:52  600  250    0 55,31 68,22  1,007          99           0
12:31:54  600  250    0 55,31 68,22    990          22           0
12:31:56  600  250    0 54,77 68,22    976          22           0
12:31:58  600  250    0 54,77 68,22    987          99           0
12:32:00  600  250    0 54,77 68,22  1,008          99           0
12:32:02  600  250    0 54,23 68,22  1,001         325           0
12:32:04  600  250    0 54,23 68,22  1,000       1,017           0
12:32:06  600  250    0 54,23 68,22  1,011       1,476           0
12:32:09  600  250    0 53,69 68,22    980         448           0
12:32:11  600  250    0 54,23 68,22  1,013         144           0
12:32:13  600  250    0 54,23 68,22  1,068         154           0
12:32:15  600  250    0 53,69 68,22    990          22           0
12:32:17  600  250    0 53,69 68,22  1,010       1,120           0
12:32:19  600  250    0 53,69 68,22    980         859           0
12:32:21  600  250    0 53,69 68,22  1,013         519           0
12:32:23  600  250    0 53,69 68,22    989          99           0
12:32:25  600  250    0 53,15 68,22    988         146           0
12:32:27  600  250    0 53,69 68,22    991          60           0
12:32:29  600  250    0 53,15 68,22    984         176           0
12:32:31  600  250    0 53,15 68,22  1,206          99           0
12:32:33  600  250    0 52,62 68,22    974          22           0
12:32:35  600  250    0 52,62 68,22    986          67           0
12:32:37  600  250    0 52,62 68,22    997          77           0
12:32:39  600  250    0 52,62 68,22  1,000         176           0
12:32:41  600  250    0 52,62 68,22  1,016          99           0
12:32:44  600  250    0 52,62 68,22    992          22           0
12:32:46  600  250    0 52,08 68,22  1,006          22           0
12:32:48  600  250    0 52,08 68,22    982          22           0
12:32:50  600  300    0 52,62 68,22    995         177           0
12:32:52  600  250    0 52,08 68,22  1,013          99           0
12:32:54  600  250    0 51,54 68,22    993          44           0
12:32:56  600  250    0 52,08 68,22    989          22           0
12:32:58  600  250    0 52,08 68,22    994          99           0
12:33:00  600  250    0 52,08 68,22    984          99           0
12:33:02  600  250    0 52,08 68,22  1,005          99           0
12:33:04  600  250    0 51,54 68,22    994          22           0
12:33:06  600  250    0 52,08 68,22    982          22           0
12:33:08  600  250    0 51,54 68,22    994         144           0
12:33:10  600  250    0 52,08 68,22  1,000         154           0
12:33:12  600  250    0 51,54 68,22    995          99           0
12:33:14  600  250    0 51,54 68,22    996          22           0
12:33:16  600  250    0 52,08 68,22    983          22           0
12:33:19  600  250    0 51,54 68,22    987          99           0
12:33:21  600  250    0 51,54 68,22  1,014          99           0
12:33:23  600  250    0 51,00 68,22    994          99           0
12:33:25  600  250    0 50,46 68,22    976          22           0
12:33:27  600  250    0 51,54 68,22    993          84           0
12:33:29  600  250    0 51,00 68,22    994         199           0
12:33:31  600  250    0 50,46 68,22  1,162          99           0
12:33:33  600  250    0 50,46 68,22  1,005          99           0
12:33:35  600  250    0 51,54 68,22    986          22           0
12:33:37  600  250    0 50,46 68,22    985          22           0
12:33:39  600  250    0 51,00 68,22    996          99           0
12:33:41  600  250    0 51,54 68,22  1,011          99           0
12:33:43  600  250    0 51,00 68,22    985          99           0
12:33:45  600  250    0 51,54 68,22    985          22           0
12:33:47  600  250    0 51,00 68,22    997          22           0
12:33:49  600  250    0 50,46 68,22    990         176           0
12:33:51  600  250    0 50,46 68,22    988          99           0
12:33:54  600  250    0 50,46 68,22    979          22           0
12:33:56  600  250    0 50,46 68,22    988          22           0
12:33:58  600  250    0 50,46 68,22    986          22           0
12:34:00  600  250    0 50,46 68,22    988         176           0
12:34:02  600  250    0 50,46 68,22  1,004          99           0
12:34:04  600  250    0 50,46 68,22    980          44           0
12:34:06  600  250    0 49,93 68,22    991          22           0
12:34:08  600  250    0 49,93 68,22    984          22           0
12:34:10  600  250    0 49,93 68,22    989         176           0
12:34:12  600  250    0 49,93 68,22  1,020         144           0
12:34:14  600  250    0 50,46 68,22    993          77           0
12:34:16  600  250    0 49,93 68,22    992          22           0
12:34:18  600  250    0 50,46 68,22    981          99           0
12:34:20  600  250    0 49,93 68,22  1,020          99           0
12:34:22  600  250    0 49,93 68,22    997          99           0
12:34:24 1200  400    0 53,15 68,22  1,159          68         119
12:34:26 1200  400    0 56,38 68,22  1,243          22           0
12:34:28 1200  400    0 58,53 68,22  1,243         123          24
12:34:31 1200  400    0 60,15 68,22  1,397         100           0
12:34:33 1200  400    0 61,76 68,22  1,403         100           0
12:34:35 1200  400    0 63,38 68,22  1,258          22           0
12:34:37 1200  400    0 63,91 68,22  1,260          22           0
12:34:39 1200  400    0 64,45 68,22  1,259         100           0
12:34:41 1200  400    0 64,99 68,22  1,275         100           0
12:34:43 1200  400    0 64,99 68,22  1,239         100           0
12:34:45 1200  400    0 64,99 68,22  1,243          22           0
12:34:47 1200  400    0 65,53 68,22  1,238          22           0
12:34:49 1200  400    0 66,60 68,22  1,238         100           0
12:34:51 1200  400    0 66,60 68,22  1,242         100           0
12:34:53 1200  400    0 67,14 68,22  1,244         100           0
12:34:55 1200  400    0 66,60 68,22  1,242          22           0
12:34:57 1200  400    0 67,14 68,22  1,241          22           0
12:34:59 1200  400    0 67,68 68,22  1,246         298           0
12:35:01 1200  400    0 68,76 68,76  1,251         100           0
12:35:03 1200  400    0 69,29 69,29  1,261          22           0
12:35:05 1200  400    0 69,29 69,29  1,248          22           0
12:35:07 1200  400    0 69,83 69,83  1,261          22           0
12:35:09 1200  400    0 69,29 69,83  1,256         100           0
12:35:11 1200  400    0 69,83 69,83  1,290         138           0
12:35:13 1200  400    0 68,76 69,83  1,246         176           0
12:35:15 1200  400    0 69,83 69,83  1,246         189           0
12:35:17 1200  400    0 69,83 69,83  1,237          22           0
12:35:19 1200  400    0 69,83 69,83  1,250         345           0
12:35:22 1200  400    0 70,37 70,37  1,247         100           0
12:35:24 1200  400    0 69,83 70,37  1,245         150           0
12:35:26 1200  400    0 70,91 70,91  1,249         137           0
12:35:28 1200  400    0 70,91 70,91  1,246         150           0
12:35:30 1200  400    0 69,83 70,91  1,242         254           0
12:35:32 1200  400    0 70,91 70,91  1,450         164           0
12:35:34 1200  400    0 70,91 70,91  1,249         147           0
12:35:36 1200  400    0 70,91 70,91  1,247          22           0
12:35:38 1200  400    0 71,45 71,45  1,257         189           0
12:35:40 1200  400    0 70,91 71,45  1,248         178           0
12:35:42 1200  400    0 71,45 71,45  1,286         100           0
12:35:44 1200  400    0 71,45 71,45  1,238          22           0
12:35:46 1200  400    0 71,98 71,98  1,233          22           0
12:35:48 1200  400    0 71,98 71,98  1,235          22           0
12:35:50 1200  400    0 71,45 71,98  1,246       1,217           0
12:35:52 1200  400    0 71,45 71,98  1,245         588           0
12:35:54 1200  400    0 71,98 71,98  1,235         511           0
12:35:56 1200  400    0 71,98 71,98  1,235          22           0
12:35:58 1200  400    0 72,52 72,52  1,236         589           0
12:36:00 1200  400    0 73,06 73,06  1,238         100           0
12:36:02 1200  400    0 72,52 73,06  1,263         100           0
12:36:04 1200  400    0 73,06 73,06  1,248          22           0
12:36:06 1200  400    0 73,06 73,06  1,240         511           0
12:36:08 1200  400    0 73,06 73,06  1,237         100           0
12:36:11 1200  400    0 73,06 73,06  1,279         100           0
12:36:13 1200  400    0 73,06 73,06  1,237         100           0
12:36:15 1200  400    0 74,14 74,14  1,241         389           0
12:36:17 1200  400    0 73,60 74,14  1,233          22           0
12:36:19 1200  400    0 73,60 74,14  1,233         146           0
12:36:21 1200  400    0 73,60 74,14  1,239         155           0
12:36:23 1200  400    0 73,60 74,14  1,238         100           0
12:36:25 1200  400    0 73,60 74,14  1,232          22           0
12:36:27 1200  400    0 73,06 74,14  1,282          22           0
12:36:29 1200  400    0 73,60 74,14  1,252         337           0
12:36:31 1200  400    0 74,14 74,14  1,529         100           0
12:36:33 1200  400    0 73,60 74,14  1,261         100           0
12:36:35 1200  400    0 73,06 74,14  1,246          22           0
12:36:37 1200  400    0 73,06 74,14  1,247          22           0
12:36:39 1200  400    0 73,60 74,14  1,251         100           0
12:36:41 1200  400    0 74,14 74,14  1,280         100           0
12:36:43 1200  400    0 74,14 74,14  1,240         100           0
12:36:45 1200  400    0 74,14 74,14  1,234          22           0
12:36:47 1200  400    0 74,67 74,67  1,235          22           0
12:36:49 1200  400    0 74,67 74,67  1,248         536           0
12:36:51 1200  400    0 74,14 74,67  1,238          22           0
12:36:53 1200  400    0 74,67 74,67  1,238         456           0
12:36:55 1200  400    0 74,14 74,67  1,225          22           0
12:36:57 1200  400    0 75,21 75,21  1,236          22           0
12:37:00 1200  400    0 74,67 75,21  1,241         178           0
12:37:02 1200  400    0 74,67 75,21  1,247         100           0
12:37:04 1200  400    0 74,14 75,21  1,260          22           0
12:37:06 1200  400    0 74,14 75,21  1,246          22           0
12:37:08 1200  400    0 74,14 75,21  1,249          22           0
12:37:10 1200  400    0 74,14 75,21  1,255         178           0
12:37:12 1200  400    0 75,21 75,21  1,287         100           0
12:37:14 1200  400    0 75,21 75,21  1,250          45           0
12:37:16 1200  400    0 75,21 75,21  1,241          22           0
12:37:18 1200  400    0 75,21 75,21  1,230          22           0
12:37:20 1200  400    0 75,21 75,21  1,242         178           0
12:37:22 1200  400    0 75,21 75,21  1,244         100           0
12:37:24 1200  400    0 75,21 75,21  1,234          22           0
12:37:26 1200  400    0 75,21 75,21  1,230          22           0
12:37:28 1200  400    0 75,21 75,21  1,231          22           0
12:37:30 1200  400    0 75,21 75,21  1,266         178           0
12:37:32 1200  400    0 75,21 75,21  1,504         100           0
12:37:34 1200  400    0 74,14 75,21  1,255          22           0
12:37:36 1200  400    0 74,67 75,21  1,251          22           0
12:37:38 1200  400    0 75,21 75,21  1,282         249         246
12:37:40 1200  400    0 75,21 75,21  1,269         135          46
12:37:42 1200  400    0 75,21 75,21  1,276         100           0
12:37:44 1200  400    0 75,75 75,75  1,235          22           0
12:37:46 1200  400    0 75,21 75,75  1,235          22           0
12:37:49 1200  400    0 75,75 75,75  1,255         100           0
12:37:51 1200  400    0 75,75 75,75  1,240         100           0
12:37:53 1200  400    0 75,75 75,75  1,235         100           0
12:37:55 1200  400    0 75,75 75,75  1,246          22           0
12:37:57 1200  400    0 75,75 75,75  1,235          22           0
12:37:59 1200  400    0 76,29 76,29  1,234         100           0
12:38:01 1200  400    0 76,29 76,29  1,258          99           0
12:38:03 1200  400    0 75,21 76,29  1,249         100           0
12:38:05 1200  400    0 75,21 76,29  1,251          22           0
12:38:07 1200  400    0 75,75 76,29  1,251          22           0
12:38:09 1200  400    0 75,21 76,29  1,250         100           0
12:38:11 1200  400    0 75,75 76,29  1,279         100           0
12:38:13 1200  400    0 75,75 76,29  1,257         100           0
12:38:15 1200  400    0 75,75 76,29  1,251          22           0
12:38:17 1200  400    0 75,21 76,29  1,243          22           0
12:38:19 1200  400    0 75,75 76,29  1,252         100           0
12:38:21 1200  400    0 75,75 76,29  1,257         100           0
12:38:23 1200  400    0 76,29 76,29  1,257         100           0
12:38:25 1200  400    0 75,75 76,29  1,259          22           0
12:38:27 1200  400    0 76,29 76,29  1,249          22           0
12:38:29 1200  400    0 76,29 76,29  1,244         100           0
12:38:31 1200  400    0 76,29 76,29  1,438         100           0
12:38:33 1200  400    0 76,29 76,29  1,261         100           0
12:38:35 1200  400    0 76,29 76,29  1,254          22           0
12:38:37 1200  400    0 75,75 76,29  1,258          22           0
12:38:40 1200  400    0 76,29 76,29  1,267         178           0
12:38:42 1200  400    0 76,29 76,29  1,256         100           0
12:38:44 1200  400    0 76,29 76,29  1,248          22           0
12:38:46 1200  400    0 76,29 76,29  1,255          22           0
12:38:48 1200  400    0 76,29 76,29  1,254          22           0
12:38:50 1200  400    0 76,29 76,29  1,257         178           0
12:38:52 1200  400    0 76,29 76,29  1,256         123           0
12:38:54 1200  400    0 76,29 76,29  1,257          22           0
12:38:56 1200  400    0 76,83 76,83  1,258          22           0
12:38:58 1200  400    0 76,29 76,83  1,252          22           0
12:39:00 1200  400    0 76,29 76,83  1,262         178           0
12:39:02 1200  400    0 76,29 76,83  1,260         100           0
12:39:04 1200  400    0 76,29 76,83  1,259          22           0
12:39:06 1200  400    0 76,83 76,83  1,255          22           0
12:39:08 1200  400    0 77,36 77,36  1,253          22           0
12:39:10 1200  400    0 77,36 77,36  1,253         178           0
12:39:12 1200  400    0 77,36 77,36  1,235         100           0
12:39:14 1200  400    0 77,36 77,36  1,237          22           0
12:39:16 1200  400    0 77,36 77,36  1,235          22           0
12:39:18 1200  400    0 77,36 77,36  1,232          22           0
12:39:20 1200  400    0 77,36 77,36  1,245         178           0
12:39:22 1200  400    0 77,36 77,36  1,236         100           0
12:39:24 1200  400    0 77,36 77,36  1,235          22           0
12:39:26 1200  400    0 77,36 77,36  1,233          22           0
12:39:29 1200  400    0 77,36 77,36  1,237         100           0
12:39:31 1200  400    0 77,90 77,90  1,347         100           0
12:39:33 1200  400    0 76,83 77,90  1,348         100           0
12:39:35 1200  400    0 77,36 77,90  1,253          22           0
12:39:37 1200  400    0 76,29 77,90  1,258          45           0
12:39:39 1200  400    0 77,36 77,90  1,269         100           0
12:39:41 1200  400    0 77,36 77,90  1,261         100           0
12:39:43 1200  400    0 77,36 77,90  1,255         100           0
12:39:45 1200  400    0 77,36 77,90  1,259          22           0
12:39:47 1200  400    0 77,36 77,90  1,254          22           0
12:39:49 1200  400    0 77,36 77,90  1,253         100           0
12:39:51 1200  400    0 77,36 77,90  1,261         100           0
12:39:53 1200  400    0 77,36 77,90  1,258         100           0
12:39:55 1200  400    0 76,83 77,90  1,256          22           0
12:39:57 1200  400    0 77,36 77,90  1,254          22           0
12:39:59 1200  400    0 77,90 77,90  1,256         100           0
12:40:01 1200  400    0 77,90 77,90  1,257         100           0
12:40:03 1200  400    0 77,90 77,90  1,260         100           0
12:40:05 1200  400    0 77,90 77,90  1,255          22           0
12:40:07 1200  400    0 77,36 77,90  1,258          22           0
12:40:09 1200  400    0 76,83 77,90  1,265         100           0
12:40:11 1200  400    0 77,36 77,90  1,257         216           0
12:40:13 1200  400    0 77,36 77,90  1,260          99           0
12:40:15 1200  400    0 77,36 77,90  1,260         150           0
12:40:18 1200  400    0 77,36 77,90  1,257          60           0
12:40:20 1200  400    0 77,36 77,90  1,254         100           0
12:40:22 1200  400    0 77,90 77,90  1,263         267           0
12:40:24 1200  400    0 77,36 77,90  1,259         100           0
12:40:26 1200  400    0 77,36 77,90  1,239         150           0
12:40:28 1200  400    0 77,90 77,90  1,240         137           0
12:40:30 1200  400    0 77,36 77,90  1,243         306           0
12:40:32 1200  400    0 77,90 77,90  1,479         199           0
12:40:34 1200  400    0 77,36 77,90  1,250          86           0
12:40:36 1200  400    0 77,90 77,90  1,256         170           0
12:40:38 1200  400    0 77,90 77,90  1,254          77           0
12:40:40 1200  400    0 78,44 78,44  1,277         345           0
12:40:42 1200  400    0 77,90 78,44  1,255         100           0
12:40:44 1200  400    0 77,90 78,44  1,258          22           0
12:40:46 1200  400    0 77,36 78,44  1,256          22           0
12:40:48 1200  400    0 77,90 78,44  1,257          22           0
12:40:50 1200  400    0 77,36 78,44  1,255         178           0
12:40:52 1200  400    0 78,44 78,44  1,257         100           0
12:40:54 1200  400    0 78,44 78,44  1,257          22           0
12:40:56 1200  400    0 78,44 78,44  1,254          22           0
12:40:58 1200  400    0 77,90 78,44  1,255          22           0
12:41:00 1200  400    0 77,90 78,44  1,259         178           0
12:41:02 1200  400    0 78,44 78,44  1,259         100           0
12:41:04 1200  400    0 77,90 78,44  1,257          22           0
12:41:06 1200  400    0 77,90 78,44  1,261          22           0
12:41:09 1200  400    0 77,90 78,44  1,268         100           0
12:41:11 1200  400    0 78,44 78,44  1,255         100           0
12:41:13 1200  400    0 78,44 78,44  1,261         100           0
12:41:15 1200  400    0 77,90 78,44  1,257          22           0
12:41:17 1200  400    0 78,44 78,44  1,253          22           0
12:41:19 1200  400    0 78,44 78,44  1,258         100           0
12:41:21 1200  400    0 78,44 78,44  1,257         100           0
12:41:23 1200  400    0 78,44 78,44  1,254         100           0
12:41:25  600  250    0 75,21 78,44  1,042          67         110
12:41:27  600  250    0 70,91 78,44    985          22           0
12:41:29  600  250    0 69,83 78,44    985         121          24
12:41:31  800  300    0 67,68 78,44  1,231         100           0
12:41:33  600  250    0 66,60 78,44    985          99           0
12:41:35  600  250    0 66,07 78,44    993          22           0
12:41:37  600  250    0 64,99 78,44    984          22           0
12:41:39  600  250    0 63,38 78,44  1,007          99           0
12:41:41  600  250    0 63,38 78,44    986          99           0
12:41:43  600  250    0 62,84 78,44    992          99           0
12:41:45  600  250    0 62,30 78,44    980          22           0
12:41:47  600  250    0 61,22 78,44    990          22           0
12:41:50  600  250    0 61,22 78,44    988         176           0
12:41:52  600  250    0 61,22 78,44    983          99           0
12:41:54  600  250    0 60,69 78,44  1,073          22           0
12:41:56  600  250    0 60,15 78,44  1,009          22           0
12:41:58  600  250    0 60,15 78,44    980          44           0
12:42:00  600  250    0 60,15 78,44    983         176           0
12:42:02  600  250    0 59,07 78,44    985          99           0
12:42:04  600  250    0 59,07 78,44    988          22           0
12:42:06  600  250    0 59,07 78,44    982          22           0
12:42:08  600  250    0 59,07 78,44  1,009          22           0
12:42:10  600  250    0 58,00 78,44    983         176           0
12:42:12  600  250    0 58,53 78,44    990          99           0
12:42:14  600  250    0 58,00 78,44    976          22           0
12:42:16  600  250    0 58,00 78,44    984          22           0
12:42:18  600  250    0 58,00 78,44    978          22           0
12:42:20  600  250    0 58,00 78,44    994         176           0
12:42:23  600  250    0 56,92 78,44    988          99           0
12:42:25  600  250    0 58,00 78,44    975          22           0
12:42:27  600  250    0 58,00 78,44    989          22           0
12:42:29  600  250    0 56,92 78,44    976          22           0
12:42:31  600  250    0 56,92 78,44  1,130         176           0
12:42:33  600  250    0 56,92 78,44  1,104          99           0
12:42:35  600  250    0 56,92 78,44    992          22           0
12:42:37  600  250    0 57,46 78,44  1,008          22           0
12:42:39  600  250    0 56,92 78,44    993          99           0
12:42:41  600  250    0 56,38 78,44  1,001          99           0
12:42:43  600  250    0 56,92 78,44    985          99           0
12:42:45  600  250    0 56,38 78,44    995          22           0
12:42:47  600  250    0 56,38 78,44    984          22           0
12:42:49  600  250    0 56,38 78,44    993          99           0
12:42:51  600  250    0 55,84 78,44  1,001          99           0
12:42:53  600  250    0 55,84 78,44    981          99           0
12:42:55  600  250    0 56,38 78,44    986          22           0
12:42:58  600  250    0 55,84 78,44    979          22           0
12:43:00  600  250    0 55,84 78,44    991         176           0
12:43:02  600  250    0 55,31 78,44    981          99           0
12:43:04  600  250    0 55,84 78,44    989          22           0
12:43:06  600  250    0 54,77 78,44    987          22           0
12:43:08  600  250    0 54,77 78,44    994          44           0
12:43:10  600  250    0 54,77 78,44    982         176           0
12:43:12  600  250    0 54,77 78,44    990          99           0
12:43:14  600  250    0 54,77 78,44    987          22           0
12:43:16  600  250    0 54,77 78,44    983          22           0
12:43:18  600  250    0 54,77 78,44    993          22           0
12:43:20  600  250    0 54,77 78,44    998         176           0
12:43:22  600  250    0 54,77 78,44    990          99           0
12:43:24  600  250    0 54,77 78,44    985          22           0
12:43:26  600  250    0 54,23 78,44    996          22           0
12:43:28  600  250    0 54,77 78,44    981          22           0
12:43:30  600  250    0 54,23 78,44  1,109         301           0
12:43:33  600  250    0 54,23 78,44  1,170         137           0
12:43:35  600  250    0 53,69 78,44    988          22           0
12:43:37  600  250    0 54,23 78,44  1,003          22           0
12:43:39  600  250    0 54,23 78,44    988          99           0
12:43:41  600  250    0 53,69 78,44    986          99           0
12:43:43  600  250    0 53,69 78,44    986          99           0
12:43:45  600  250    0 53,69 78,44    979         133           0
12:43:47  600  250    0 53,69 78,44    984          22           0
12:43:49  600  250    0 53,69 78,44    995          99           0
12:43:51  600  250    0 53,69 78,44    987          99           0
12:43:53  600  250    0 53,69 78,44    987          99           0
12:43:55  600  250    0 53,69 78,44    984          22           0
12:43:57  600  250    0 53,69 78,44    992          22           0
12:43:59  600  250    0 53,69 78,44    989          99           0
12:44:01  600  250    0 53,69 78,44    991          99           0
12:44:03  600  250    0 53,15 78,44    998          99           0
12:44:05  600  250    0 53,69 78,44    976          22           0
12:44:08  600  250    0 52,62 78,44  1,004          22           0
12:44:10  600  250    0 53,15 78,44    995          99           0
12:44:12  600  250    0 53,69 78,44    984          99           0
12:44:14  600  250    0 53,15 78,44    985          99           0
12:44:16  600  250    0 53,15 78,44  1,058         135         122
12:44:18  600  250    0 53,15 78,44    998         114         168
12:44:20  600  250    0 52,62 78,44    980          99           0
12:44:22  600  250    0 52,62 78,44    998          99           0
12:44:25 1200  400    0 55,84 78,44  1,208          90          73
12:44:29 1200  400    0 62,30 78,44  1,327          41          15
12:44:32 1200  400    0 65,53 78,44  1,447         125           0
12:44:35 1200  400    0 68,76 78,44  1,315          62           0
12:44:38 1200  400    0 69,83 78,44  1,324          28           0
12:44:42 1200  400    0 71,98 78,44  1,320         110           0
12:44:45 1200  400    0 72,52 78,44  1,307          77           0
12:44:48 1200  400    0 73,60 78,44  1,317          28           0
12:44:51 1200  400    0 74,14 78,44  1,315         109           0
12:44:55 1200  400    0 75,21 78,44  1,321          76           0
12:44:58 1200  400    0 75,75 78,44  1,317          27           0
12:45:01 1200  400    0 76,29 78,44  1,311         110           0
12:45:05 1200  400    0 76,83 78,44  1,320          76           0
12:45:08 1200  400    0 77,36 78,44  1,321          27           0
12:45:11 1200  400    0 77,90 78,44  1,317         134           0
12:45:15 1200  400    0 78,44 78,44  1,320         200           0
12:45:18 1200  400    0 78,44 78,44  1,317          51           0
12:45:21 1200  400    0 78,44 78,44  1,322         212           0
12:45:24 1200  400    0 78,44 78,44  1,312         181           0
12:45:28 1200  400    0 79,52 79,52  1,315         141           0
12:45:31 1195  400    0 79,52 79,52  1,384         165           0
12:45:34 1200  400    0 79,52 79,52  1,359         180           0
12:45:38 1195  400    0 79,52 79,52  1,326         118           0
12:45:41 1141  400    0 80,59 80,59  1,316         124           0
12:45:44 1141  400    0 80,05 80,59  1,319          76           0
12:45:48 1141  400    0 80,59 80,59  1,314          13           0
12:45:51 1141  400    0 80,59 80,59  1,317         123           0
12:45:54 1141  400    0 80,59 80,59  1,316          76           0
12:45:57 1141  400    0 81,13 81,13  1,315          13           0
12:46:01 1141  400    0 80,59 81,13  1,319         124           0
12:46:04 1087  400    0 80,59 81,13  1,312          75           0
12:46:07 1141  400    0 80,59 81,13  1,324          13           0
12:46:11 1141  400    0 81,13 81,13  1,311         122           0
12:46:14 1087  400    0 81,67 81,67  1,319          74           0
12:46:18 1141  400    0 80,59 81,67  1,316          13           0
12:46:21 1141  400    0 81,13 81,67  1,314         123           0
12:46:24 1087  400    0 80,59 81,67  1,319          74           0
12:46:28 1141  400    0 81,13 81,67  1,317          13           0
12:46:31 1087  400    0 81,67 81,67  1,437         122           0
12:46:34 1034  400    0 81,13 81,67  1,321          74           0
12:46:38 1034  400    0 80,59 81,67  1,317          13           0
12:46:41 1141  400    0 81,67 81,67  1,319         123           0
12:46:44 1034  400    0 81,67 81,67  1,312          74           0
12:46:48 1034  400    0 81,13 81,67  1,312          13           0
12:46:51 1087  400    0 81,67 81,67  1,316         120           0
12:46:55 1034  400    0 81,67 81,67  1,320          73           0
12:46:58 1034  400    0 81,67 81,67  1,311          26           0
12:47:01 1034  400    0 81,67 81,67  1,318         104           0
12:47:05  980  400    0 81,67 81,67  1,306          74           0
12:47:08 1034  400    0 81,67 81,67  1,295          26           0
12:47:12 1034  400    0 81,67 81,67  1,348         107           0
12:47:15  980  400    0 81,67 81,67  1,317          72           0
12:47:19 1087  400    0 81,13 81,67  1,311          27           0
12:47:22 1034  400    0 81,67 81,67  1,316         119           0
12:47:25 1034  400    0 81,67 81,67  1,309          60           0
12:47:29 1034  400    0 81,67 81,67  1,328          26           0
12:47:32 1034  400    0 81,67 81,67  1,437         121           0
12:47:36 1034  400    0 81,67 81,67  1,319          60           0
12:47:39 1034  400    0 81,67 81,67  1,332          27           0
12:47:42 1034  400    0 81,67 81,67  1,318         120           0
12:47:46  980  400    0 81,67 81,67  1,312          72           0
12:47:49 1034  400    0 81,67 81,67  1,316          60           0
12:47:53 1034  400    0 82,21 82,21  1,312         120           0
12:47:56 1034  400    0 81,67 82,21  1,318          26           0
12:47:59 1034  400    0 81,67 82,21  1,317          60           0
12:48:03 1034  400    0 81,67 82,21  1,316         118           0
12:48:06  980  400    0 82,21 82,21  1,301          26           0
12:48:10 1034  400    0 82,74 82,74  1,348          73           0
12:48:13  980  400    0 81,67 82,74  1,324         100           0
12:48:17  980  400    0 81,67 82,74  1,319          26           0
12:48:20 1034  400    0 81,67 82,74  1,291         117           0
12:48:24  980  400    0 82,21 82,74  1,289          69           0
12:48:27 1034  400    0 81,67 82,74  1,374          13           0
12:48:31  980  400    0 82,21 82,74  1,420         259           0
12:48:34 1034  400    0 82,21 82,74  1,343          73           0
12:48:38 1034  400    0 81,67 82,74  1,333          26           0
12:48:41  980  400    0 82,21 82,74  1,316         105           0
12:48:45  980  400    0 82,21 82,74  1,311          72           0
12:48:48  980  400    0 82,21 82,74  1,326          26           0
12:48:52  980  400    0 82,21 82,74  1,318         106           0
12:48:55  980  400    0 82,21 82,74  1,314          71           0
12:48:59  980  400    0 82,21 82,74  1,331          26           0
12:49:02  980  400    0 82,21 82,74  1,317         164           0
12:49:06 1034  400    0 81,67 82,74  1,323          12           0
12:49:09  980  400    0 82,21 82,74  1,313         132           0
12:49:12  926  400    0 82,21 82,74  1,346         117           0
12:49:16  926  400    0 81,67 82,74  1,313          26           0
12:49:19  980  400    0 82,21 82,74  1,317          59           0
12:49:23  980  400    0 82,21 82,74  1,315         117           0
12:49:26  926  400    0 82,21 82,74  1,318          26           0
12:49:30  980  400    0 82,21 82,74  1,316          72           0
12:49:33 1034  400    0 82,21 82,74  1,421         105           0
12:49:37  926  400    0 82,21 82,74  1,309          39           0
12:49:40  980  400    0 82,21 82,74  1,319         117           0
12:49:44  980  400    0 82,74 82,74  1,326          59           0
12:49:47  980  400    0 82,21 82,74  1,310          26           0
12:49:51  926  400    0 81,67 82,74  1,317         118           0
12:49:54 1034  400    0 82,21 82,74  1,329          72           0
12:49:57  980  400    0 82,74 82,74  1,312          13           0
12:50:01  980  400    0 82,21 82,74  1,321         185           0
12:50:04  980  400    0 82,21 82,74  1,326          72           0
12:50:08  980  400    0 82,21 82,74  1,317          26           0
12:50:11  926  400    0 82,21 82,74  1,319         128           0
12:50:15  980  400    0 82,21 82,74  1,255         185           0
12:50:18  980  400    0 81,67 82,74  1,376         101           0
12:50:22  980  400    0 82,21 82,74  1,318         157           0
12:50:26  980  400    0 82,21 82,74  1,320         202           0
12:50:29  980  400    0 82,21 82,74  1,316         144           0
12:50:33  980  400    0 82,21 82,74  1,430         236           0
12:50:36  980  400    0 82,21 82,74  1,315          86           0
12:50:40  980  400    0 82,21 82,74  1,315         119           0
12:50:43  926  400    0 81,67 82,74  1,330         117           0
12:50:47  980  400    0 82,21 82,74  1,314          26           0
12:50:50  980  400    0 82,21 82,74  1,316          73           0
12:50:53  980  400    0 82,74 82,74  1,312         105           0
12:50:57  926  400    0 81,67 82,74  1,319          26           0
12:51:00  980  400    0 82,74 82,74  1,316          71           0
12:51:04  980  400    0 82,21 82,74  1,317         116           0
12:51:07  926  400    0 82,21 82,74  1,318          13           0
12:51:11  926  400    0 82,21 82,74  1,318         115           0
12:51:14  926  400    0 82,21 82,74  1,317          72           0
12:51:18  980  400    0 82,21 82,74  1,314          26           0
12:51:21  926  400    0 82,21 82,74  1,319         105           0
12:51:23  980  400    0 82,74 82,74  1,320         146         111
12:51:25  600  250    0 77,36 82,74    976          22           0
12:51:27  600  250    0 74,14 82,74    967          22           0
12:51:30  600  250    0 71,98 82,74    998         122          24
12:51:32  600  250    0 70,91 82,74  1,178          99           0
12:51:34  600  250    0 69,29 82,74    978          99           0
12:51:36  600  250    0 67,68 82,74    972          22           0
12:51:38  600  250    0 67,68 82,74  1,044         170         244
12:51:40  600  250    0 66,60 82,74    983         156          45
12:51:42  600  250    0 66,60 82,74    999          99           0
12:51:44  600  250    0 65,53 82,74    986          99           0
12:51:46  600  250    0 64,99 82,74    963          22           0
12:51:48  600  250    0 64,45 82,74    975          22           0
12:51:50  600  250    0 64,45 82,74    972          99           0
12:51:52  600  250    0 63,38 82,74    984          99           0
12:51:54  600  250    0 63,38 82,74    981          99           0
12:51:56  600  250    0 62,30 82,74    969          22           0
12:51:58  600  250    0 62,30 82,74    981          22           0
12:52:00  600  250    0 62,30 82,74    986         176           0
12:52:02  600  250    0 61,76 82,74    978          99           0
12:52:05  600  250    0 62,30 82,74    966          22           0
12:52:07  600  250    0 61,22 82,74    981          22           0
12:52:09  600  250    0 61,22 82,74    973          22           0
12:52:11  600  250    0 60,69 82,74    987         176           0
12:52:13  600  250    0 61,22 82,74    980          99           0
12:52:15  600  250    0 61,22 82,74    960          22           0
12:52:17  600  250    0 60,15 82,74    984          22           0
12:52:19  600  250    0 60,69 82,74    971          22           0
12:52:21  600  250    0 60,15 82,74    980         176           0
12:52:23  600  250    0 60,15 82,74    978          99           0
12:52:25  600  250    0 60,15 82,74    973          22           0
12:52:27  600  250    0 59,07 82,74    988          22           0
12:52:29  600  250    0 59,07 82,74    993          22           0
12:52:31  600  250    0 59,61 82,74  1,269         176           0
12:52:33  600  250    0 59,07 82,74    984          99           0
12:52:35  600  250    0 59,07 82,74    987          22           0
12:52:37  600  250    0 59,07 82,74    979          22           0
12:52:40  600  250    0 59,07 82,74    983          99           0
12:52:42  600  250    0 58,00 82,74    974          99           0
12:52:44  600  250    0 58,53 82,74    975          99           0
12:52:46  600  250    0 58,00 82,74    979          22           0
12:52:48  600  250    0 58,00 82,74    969          22           0
12:52:50  600  250    0 58,53 82,74    979         121           0
12:52:52  600  250    0 58,00 82,74    975          99           0
12:52:54  600  250    0 58,00 82,74    976          99           0
12:52:56  600  250    0 58,00 82,74    986          22           0
12:52:58  600  250    0 58,00 82,74    970          22           0
12:53:00  600  250    0 57,46 82,74    986          99           0
12:53:02  600  250    0 58,00 82,74    964          99           0
12:53:04  600  250    0 56,92 82,74    980          99           0
12:53:06  600  250    0 56,38 82,74    975          22           0
12:53:08  600  250    0 57,46 82,74    975          22           0
12:53:10  600  250    0 56,92 82,74    985          99           0
12:53:12  600  250    0 56,92 82,74    972          99           0
12:53:15  600  250    0 56,92 82,74    976          99           0
12:53:17  600  250    0 56,38 82,74    981          22           0
12:53:19  600  250    0 56,92 82,74    979          22           0
12:53:21  600  250    0 56,92 82,74    971         176           0
12:53:23  600  250    0 56,92 82,74    983          22           0
12:53:25  600  250    0 56,38 82,74    984          99           0
12:53:27  600  250    0 56,38 82,74    967          22           0
12:53:29  600  250    0 55,84 82,74    978          22           0
12:53:31  600  250    0 55,84 82,74  1,163         177           0
12:53:33  600  250    0 56,38 82,74  1,019          99           0
12:53:35  600  250    0 56,38 82,74    971         146           0
12:53:37  600  250    0 55,84 82,74    988          60           0
12:53:39  600  250    0 55,84 82,74    979          22           0
12:53:41  600  250    0 55,84 82,74    979         176           0
12:53:43  600  250    0 55,84 82,74    981          99           0
12:53:45  600  250    0 55,84 82,74    973          22           0
12:53:47  600  250    0 54,77 82,74    981          22           0
12:53:50  600  250    0 55,84 82,74    968          99           0
12:53:52  600  250    0 55,84 82,74    982          99           0
12:53:54  600  250    0 55,31 82,74    973          99           0
12:53:56  600  250    0 54,77 82,74    976          22           0
12:53:58  600  250    0 55,84 82,74    980          22           0
12:54:00  600  250    0 55,31 82,74    982         121           0
12:54:02  600  250    0 54,77 82,74    981          99           0
12:54:04  600  250    0 54,77 82,74    974          99           0
12:54:06  600  250    0 54,77 82,74    967          22           0
12:54:08  600  250    0 54,77 82,74    971          22           0
12:54:10  600  250    0 54,77 82,74    973          99           0
12:54:12  600  250    0 54,77 82,74    985          99           0
12:54:14  600  250    0 54,77 82,74    966          99           0
12:54:16  600  250    0 54,77 82,74    982          22           0
12:54:18  600  250    0 54,77 82,74    969          22           0
12:54:20  600  250    0 54,77 82,74    971         176           0
12:54:22  600  250    0 54,77 82,74    980          99           0
