  onfig: v0,5,5, args "", priority lowest +19
   Board: 4 x ARMv7 ores available, ondemand governor Pi3 rev 1,2, BM2837 So with 1GB RAM by Sony UK
  Memory: 1024MB split 948MB ARM, 76MB GPU plus 100MB Swap
HW Blok: |   ARM   |  ore  |  H264  |    SDRAM    |
Min Freq: |  600 | 250 |   0 |    450   |
Max Freq: | 1200 | 400 | 300 |    450   |
Voltages: |         0, 1,2813V        | +1, 1,2250V |
   Other: temp_limit=85
Firmware: Jul 17 2020 11:04:27, version 21a15b094f417506ad65d2b9b29550693057 lean release start
  odes: H264 H263 MPG4 MJPG PM
  Booted: Wed Sep  2 14:15:45 2020
15:13:51 1200  400    0 47,77 47,77  2,841           0           0
15:13:53  600  250    0 46,70 47,77    854          99           0
15:13:55  600  250    0 46,16 47,77    887          22           0
15:13:58  600  250    0 46,16 47,77    863          44          24
15:14:00  600  250    0 46,16 47,77    897          99           0
15:14:02 1200  400    0 47,24 47,77    911         124          95
15:14:04 1200  400    0 47,24 47,77    948         100           0
15:14:06 1200  400    0 48,31 48,31    964          45           0
15:14:08 1200  400    0 48,31 48,31  1,116          22           0
15:14:10 1200  400    0 48,31 48,31    966         100           0
15:14:12 1200  400    0 49,39 49,39    948         100           0
15:14:14 1200  400    0 47,77 49,39  1,020         100           0
15:14:16 1200  400    0 48,31 49,39    961          22           0
15:14:18 1200  400    0 47,77 49,39    951          22           0
15:14:20 1200  400    0 48,31 49,39    970         100           0
15:14:22 1200  400    0 47,77 49,39    950         100           0
15:14:24 1200  400    0 48,31 49,39    962         100           0
15:14:26 1200  400    0 47,77 49,39    946          22           0
15:14:28 1200  400    0 47,77 49,39    950          22           0
15:14:30 1200  400    0 47,24 49,39    970         100           0
15:14:32 1200  400    0 47,77 49,39    963         100           0
15:14:34 1200  400    0 47,24 49,39    966         100           0
15:14:36 1200  400    0 47,77 49,39    952          22           0
15:14:38 1200  400    0 47,24 49,39    954          22           0
15:14:40 1200  400    0 47,24 49,39    978         100           0
15:14:42 1200  400    0 47,24 49,39    958         100           0
15:14:44 1200  400    0 47,24 49,39  1,005         100           0
15:14:46 1200  400    0 47,24 49,39    975          22           0
15:14:49 1200  400    0 47,24 49,39    950          22           0
15:14:51 1200  400    0 47,24 49,39    963         100           0
15:14:53 1200  400    0 47,24 49,39    971         100           0
15:14:55 1200  400    0 47,24 49,39    966         100           0
15:14:57 1200  400    0 47,24 49,39    954          22           0
15:14:59 1200  400    0 46,70 49,39    952          22           0
15:15:01 1200  400    0 47,24 49,39    978         178           0
15:15:03 1200  400    0 47,24 49,39    957         100           0
15:15:05 1200  400    0 47,24 49,39  1,015          22           0
15:15:07 1200  400    0 47,24 49,39  1,120          22           0
15:15:09 1200  400    0 47,24 49,39    977          22           0
15:15:11 1200  400    0 46,16 49,39    948         178           0
15:15:13 1200  400    0 47,24 49,39    969         215           0
15:15:15 1200  400    0 46,70 49,39    976         151           0
15:15:17 1200  400    0 46,16 49,39    955          60           0
15:15:19 1200  400    0 47,24 49,39    983         150           0
15:15:21 1200  400    0 46,16 49,39    953         216           0
15:15:23 1200  400    0 46,16 49,39    957         190           0
15:15:25 1200  400    0 46,16 49,39    969         137           0
15:15:27 1200  400    0 46,70 49,39    949         163           0
15:15:29 1200  400    0 46,16 49,39    966         125           0
15:15:31 1200  400    0 46,16 49,39    956         179           0
15:15:33 1200  400    0 46,16 49,39    950         267           0
15:15:35 1200  400    0 46,16 49,39    962          22           0
15:15:37 1200  400    0 46,70 49,39    946         151           0
15:15:39 1200  400    0 46,16 49,39    969          60           0
15:15:42 1200  400    0 46,16 49,39    944         178           0
15:15:44 1200  400    0 46,16 49,39    948         100           0
15:15:46 1200  400    0 46,16 49,39    966          22           0
15:15:48 1200  400    0 45,62 49,39    946          22           0
15:15:50 1200  400    0 46,16 49,39    975         100           0
15:15:52 1200  400    0 46,16 49,39    949         123           0
15:15:54 1200  400    0 46,16 49,39    954         100           0
15:15:56 1200  400    0 46,16 49,39    966          22           0
15:15:58 1200  400    0 46,16 49,39    953          22           0
15:16:00 1200  400    0 46,16 49,39    971         100           0
15:16:02 1200  400    0 46,16 49,39    954         100           0
15:16:04 1200  400    0 46,16 49,39    969         100           0
15:16:06 1200  400    0 45,62 49,39  1,008          22           0
15:16:08 1200  400    0 46,16 49,39  1,104         134           0
15:16:10 1200  400    0 46,16 49,39    991         951       1,617
15:16:12 1200  400    0 46,16 49,39    950         100           0
15:16:14 1200  400    0 45,62 49,39    976         100           0
15:16:16 1200  400    0 46,16 49,39    950          22           0
15:16:18 1200  400    0 46,16 49,39    951          22           0
15:16:20 1200  400    0 46,16 49,39    975         100           0
15:16:22 1200  400    0 45,08 49,39    955         100           0
15:16:24 1200  400    0 45,62 49,39    973         100           0
15:16:26 1200  400    0 45,62 49,39    947          22           0
15:16:28 1200  400    0 45,08 49,39    953          22           0
15:16:30 1200  400    0 45,62 49,39    966         100           0
15:16:32 1200  400    0 45,62 49,39    956         100           0
15:16:35 1200  400    0 46,16 49,39    974         100           0
15:16:37 1200  400    0 46,16 49,39    945          22           0
15:16:39 1200  400    0 45,62 49,39    954          22           0
15:16:41 1200  400    0 45,62 49,39    953         100           0
15:16:43 1200  400    0 46,16 49,39    950         100           0
15:16:45 1200  400    0 46,16 49,39    977         100           0
15:16:47 1200  400    0 46,16 49,39    952          22           0
15:16:49 1200  400    0 46,16 49,39    961          22           0
15:16:51 1200  400    0 46,16 49,39    972         100           0
15:16:53 1200  400    0 46,16 49,39    948         100           0
15:16:55 1200  400    0 46,16 49,39    971         100           0
15:16:57 1200  400    0 46,16 49,39    994          22           0
15:16:59 1200  400    0 46,16 49,39    983          22           0
15:17:01 1200  400    0 45,62 49,39    946         178           0
15:17:03 1200  400    0 45,62 49,39    997         100           0
15:17:05 1200  400    0 45,62 49,39    969          22           0
15:17:07 1200  400    0 45,62 49,39  1,144          22           0
15:17:09 1200  400    0 46,16 49,39    985          22           0
15:17:11 1200  400    0 46,16 49,39    992         327         247
15:17:13 1200  400    0 45,62 49,39    945         135          46
15:17:15 1200  400    0 46,16 49,39    963          22           0
15:17:17 1200  400    0 45,62 49,39    953          22           0
15:17:19 1200  400    0 45,08 49,39    979          22           0
15:17:21 1200  400    0 46,16 49,39    950         178           0
15:17:23 1200  400    0 45,08 49,39    952         100           0
15:17:26 1200  400    0 45,62 49,39    974          22           0
15:17:28 1200  400    0 45,62 49,39    947          22           0
15:17:30 1200  400    0 45,62 49,39    979          22           0
15:17:32 1200  400    0 45,08 49,39    951         178           0
15:17:34 1200  400    0 45,62 49,39    946         100           0
15:17:36 1200  400    0 46,16 49,39    967          22           0
15:17:38 1200  400    0 45,62 49,39    950          45           0
15:17:40 1200  400    0 46,16 49,39    967         100           0
15:17:42 1200  400    0 45,62 49,39    953         100           0
15:17:44 1200  400    0 45,08 49,39    954         100           0
15:17:46 1200  400    0 45,08 49,39    965          22           0
15:17:48 1200  400    0 45,62 49,39    949          22           0
15:17:50 1200  400    0 46,16 49,39    966         100           0
15:17:52 1200  400    0 45,08 49,39    947         100           0
15:17:54 1200  400    0 45,08 49,39    964         100           0
15:17:56 1200  400    0 45,62 49,39    951          22           0
15:17:58 1200  400    0 45,62 49,39    956          22           0
15:18:00 1200  400    0 45,62 49,39  1,022         100           0
15:18:02 1200  400    0 46,16 49,39    962         100           0
15:18:04 1200  400    0 45,62 49,39    967         100           0
15:18:06 1200  400    0 45,08 49,39  1,056          22           0
15:18:08 1200  400    0 45,08 49,39  1,049          22           0
15:18:10 1200  400    0 45,62 49,39    989         100           0
15:18:12 1200  400    0 46,16 49,39    945         100           0
15:18:14 1200  400    0 45,62 49,39    974         100           0
15:18:16 1200  400    0 45,62 49,39    948          22           0
15:18:19 1200  400    0 45,62 49,39    949          22           0
15:18:21 1200  400    0 45,62 49,39    957         100           0
15:18:23 1200  400    0 46,16 49,39    950         100           0
15:18:25 1200  400    0 45,08 49,39    979         100           0
15:18:27 1200  400    0 46,16 49,39    950          22           0
15:18:29 1200  400    0 45,08 49,39    947          22           0
15:18:31 1200  400    0 45,62 49,39    985         100           0
15:18:33 1200  400    0 45,62 49,39    947         100           0
15:18:35 1200  400    0 45,08 49,39    977         100           0
15:18:37 1200  400    0 45,62 49,39    951          22           0
15:18:39 1200  400    0 45,08 49,39    965          22           0
15:18:41 1200  400    0 45,62 49,39    977         178           0
15:18:43 1200  400    0 45,62 49,39    952          22           0
15:18:45 1200  400    0 45,08 49,39    977         100           0
15:18:47 1200  400    0 45,08 49,39    946          22           0
15:18:49 1200  400    0 45,62 49,39    977          22           0
15:18:51 1200  400    0 45,62 49,39    947         178           0
15:18:53 1200  400    0 45,62 49,39    952         100           0
15:18:55 1200  400    0 45,62 49,39    978          22           0
15:18:57 1200  400    0 46,16 49,39    955          22           0
15:18:59 1200  400    0 45,08 49,39    961          22           0
15:19:01 1200  400    0 45,62 49,39    968         178           0
15:19:03 1200  400    0 45,08 49,39    949         100           0
15:19:05 1200  400    0 45,62 49,39    968          22           0
15:19:07 1200  400    0 45,08 49,39  1,235          22           0
15:19:09 1200  400    0 45,62 49,39    975          22           0
15:19:12 1200  400    0 46,16 49,39    951         178           0
15:19:14 1200  400    0 46,16 49,39    957         100           0
15:19:16 1200  400    0 45,08 49,39    966          22           0
15:19:18 1200  400    0 45,08 49,39    947          22           0
15:19:20 1200  400    0 45,08 49,39    975          22           0
15:19:22 1200  400    0 45,62 49,39    948         178           0
15:19:24 1200  400    0 45,08 49,39    945         123           0
15:19:26 1200  400    0 45,62 49,39    963          22           0
15:19:28 1200  400    0 45,62 49,39    945          22           0
15:19:30 1200  400    0 45,62 49,39    980          22           0
15:19:32 1200  400    0 46,16 49,39    955         178           0
15:19:34 1200  400    0 46,16 49,39    953         100           0
15:19:36 1200  400    0 45,62 49,39    955          22           0
15:19:38 1200  400    0 45,62 49,39    952          22           0
15:19:40 1200  400    0 45,62 49,39    978         100           0
15:19:42 1200  400    0 46,16 49,39    949         100           0
15:19:44 1200  400    0 45,62 49,39    973         123           0
15:19:46 1200  400    0 46,16 49,39    954          22           0
15:19:48 1200  400    0 45,08 49,39    946          22           0
15:19:50 1200  400    0 45,08 49,39    965         100           0
15:19:52 1200  400    0 45,62 49,39    955         100           0
15:19:54 1200  400    0 45,62 49,39    965         100           0
15:19:56 1200  400    0 45,08 49,39    940          22           0
15:19:58 1200  400    0 45,62 49,39    947          22           0
15:20:00 1200  400    0 45,08 49,39    964         220           0
15:20:02 1200  400    0 45,62 49,39    949         100           0
15:20:05 1200  400    0 45,62 49,39    965         100           0
15:20:07 1200  400    0 45,62 49,39  1,045          22           0
15:20:09 1200  400    0 45,62 49,39  1,014          22           0
15:20:11 1200  400    0 45,62 49,39    967         100           0
15:20:13 1200  400    0 45,08 49,39  1,002         177           0
15:20:15 1200  400    0 46,16 49,39    979         203           0
15:20:17 1200  400    0 45,08 49,39    960         125           0
15:20:19 1200  400    0 45,08 49,39    950          22           0
15:20:21 1200  400    0 46,16 49,39    983         267           0
15:20:23 1200  400    0 45,08 49,39    954         100           0
15:20:25 1200  400    0 45,62 49,39    973         229           0
15:20:27 1200  400    0 45,62 49,39    961         137           0
15:20:29 1200  400    0 45,62 49,39    961         189           0
15:20:31 1200  400    0 46,16 49,39    968         216           0
15:20:33 1200  400    0 45,62 49,39    956         112           0
15:20:35 1200  400    0 45,08 49,39    974         176           0
15:20:37 1200  400    0 45,08 49,39    947          22           0
15:20:39 1200  400    0 46,16 49,39    978         190           0
15:20:41 1200  400    0 45,62 49,39    958         100           0
15:20:43 1200  400    0 45,08 49,39    991         100           0
15:20:45 1200  400    0 45,62 49,39    985         100           0
15:20:47 1200  400    0 45,08 49,39    953          22           0
15:20:49 1200  400    0 45,62 49,39    969          22           0
15:20:51 1200  400    0 45,08 49,39    951         178           0
15:20:53 1200  400    0 45,62 49,39    949          22           0
15:20:55 1200  400    0 45,08 49,39    973         100           0
15:20:58 1200  400    0 45,62 49,39    955          22           0
15:21:00 1200  400    0 46,16 49,39  1,012         171         247
15:21:02  600  250    0 45,08 49,39    942         257         156
15:21:04  600  250    0 42,93 49,39    850          99           0
15:21:06  600  250    0 43,47 49,39    875          44           0
15:21:08  600  250    0 42,93 49,39  1,056          44          24
15:21:10  600  250    0 41,86 49,39    897          22           0
15:21:12  600  250    0 41,86 49,39    858         176           0
15:21:14  600  250    0 41,86 49,39    860          99           0
15:21:16  600  250    0 41,32 49,39    880          22           0
15:21:18  600  250    0 41,32 49,39    857          22           0
15:21:20  600  250    0 40,78 49,39    868          99           0
15:21:22  600  250    0 40,78 49,39    859          99           0
15:21:24  600  250    0 40,78 49,39    876          99           0
15:21:26  600  250    0 40,78 49,39    855          22           0
15:21:28  600  250    0 40,78 49,39    864          22           0
15:21:30  600  250    0 40,78 49,39    889          99           0
15:21:33  600  250    0 40,78 49,39    861          99           0
15:21:35  600  250    0 40,78 49,39    881          99           0
15:21:37  600  250    0 40,24 49,39    864          22           0
15:21:39  600  250    0 40,24 49,39    871          22           0
15:21:41  600  250    0 40,78 49,39    894          99           0
15:21:43  600  250    0 40,24 49,39    866          99           0
15:21:45  600  250    0 39,70 49,39    875          99           0
15:21:47  600  250    0 39,70 49,39    861          22           0
15:21:49  600  250    0 39,70 49,39    868          22           0
15:21:51  600  250    0 39,70 49,39    887          99           0
15:21:53  600  250    0 39,70 49,39    875          99           0
15:21:55  600  250    0 39,70 49,39    879          99           0
15:21:57  600  300    0 39,70 49,39    872          22           0
15:21:59  600  250    0 39,70 49,39    882          22           0
15:22:01  600  250    0 39,70 49,39    864          99           0
15:22:03  600  250    0 39,70 49,39    925          99           0
15:22:05  600  250    0 39,70 49,39    896          99           0
15:22:08  600  250    0 39,70 49,39  1,090          22           0
15:22:10  600  250    0 39,70 49,39    891          22           0
15:22:12  600  250    0 39,70 49,39    864         176           0
15:22:14  600  250    0 39,17 49,39    842          99           0
15:22:16  600  250    0 39,17 49,39    869          44           0
15:22:18  600  250    0 39,70 49,39    846          22           0
15:22:20  600  250    0 39,17 49,39    895          22           0
15:22:22  600  250    0 39,70 49,39    848         176           0
15:22:24  600  250    0 39,17 49,39    851          99           0
15:22:26  600  250    0 39,17 49,39    879          22           0
15:22:28  600  250    0 38,63 49,39    842          22           0
15:22:30  600  250    0 38,63 49,39    864          99           0
15:22:32  600  250    0 38,63 49,39    850          99           0
15:22:34  600  250    0 39,17 49,39    862          99           0
15:22:36  600  250    0 39,17 49,39    875          22           0
15:22:38  600  250    0 39,17 49,39    863          22           0
15:22:40  600  250    0 39,70 49,39    899          99           0
15:22:43  600  250    0 38,63 49,39    855          99           0
15:22:45  600  250    0 39,17 49,39    890          99           0
15:22:47  600  250    0 39,17 49,39    866          22           0
15:22:49  600  250    0 39,17 49,39    866          22           0
15:22:51  600  250    0 39,17 49,39    966          99           0
15:22:53  600  250    0 39,17 49,39    881          99           0
15:22:55  600  250    0 39,17 49,39    890          99           0
15:22:57  600  250    0 38,63 49,39    865          22           0
15:22:59  600  250    0 39,17 49,39    873          22           0
15:23:01  600  250    0 38,63 49,39    881          99           0
15:23:03  600  250    0 38,63 49,39    864          99           0
15:23:05  600  250    0 38,63 49,39    876          99           0
15:23:07  600  250    0 38,63 49,39  1,167          22           0
15:23:09  600  250    0 38,63 49,39    893          22           0
15:23:11  600  250    0 38,63 49,39    869          99           0
15:23:13  600  250    0 39,17 49,39    869          99           0
15:23:15  600  250    0 38,63 49,39    884          99           0
15:23:18  600  250    0 38,63 49,39    857          22           0
15:23:20  600  250    0 38,63 49,39    899          22           0
15:23:22  600  250    0 39,17 49,39    869         176           0
15:23:24  600  250    0 38,63 49,39    859          99           0
15:23:26  600  250    0 38,63 49,39    889          44           0
15:23:28  600  250    0 38,63 49,39    860          22           0
15:23:30  600  250    0 38,63 49,39    879          22           0
15:23:32  600  250    0 38,63 49,39    869         176           0
15:23:34  600  250    0 38,63 49,39    862          99           0
15:23:36  600  250    0 38,63 49,39    882          22           0
15:23:38  600  250    0 38,63 49,39    863          22           0
15:23:40  600  250    0 38,63 49,39    865          22           0
15:23:42  600  250    0 38,63 49,39    867         176           0
15:23:44  600  250    0 38,63 49,39    865          99           0
15:23:46  600  250    0 38,63 49,39    874          22           0
15:23:48  600  250    0 38,63 49,39    862          22           0
15:23:50  600  250    0 38,63 49,39    906          99           0
15:23:53  600  250    0 38,63 49,39    870          99           0
15:23:55  600  250    0 38,63 49,39    890          99           0
15:23:57  600  250    0 38,63 49,39    865          22           0
15:23:59  600  250    0 38,63 49,39    865          22           0
15:24:01  600  250    0 38,63 49,39    902          99           0
15:24:03 1200  400    0 42,39 49,39  1,047         146         119
15:24:05 1200  400    0 43,47 49,39  1,059         100           0
15:24:07 1200  400    0 44,01 49,39  1,262          45          24
15:24:09 1200  400    0 44,55 49,39  1,060          22           0
15:24:11 1200  400    0 45,08 49,39  1,068         100           0
15:24:13 1200  400    0 45,08 49,39  1,044         100           0
15:24:15 1200  400    0 46,16 49,39  1,046         100           0
15:24:17 1200  400    0 46,16 49,39  1,040          22           0
15:24:19 1200  400    0 46,16 49,39  1,052          22           0
15:24:21 1200  400    0 46,16 49,39  1,062         100           0
15:24:23 1200  400    0 47,24 49,39  1,045         100           0
15:24:25 1200  400    0 47,24 49,39  1,059         100           0
15:24:27 1200  400    0 47,24 49,39  1,045          22           0
15:24:29 1200  400    0 47,77 49,39  1,056          22           0
15:24:31 1200  400    0 47,77 49,39  1,054         178           0
15:24:33 1200  400    0 47,24 49,39  1,035         100           0
15:24:35 1200  400    0 48,31 49,39  1,056          22           0
15:24:37 1200  400    0 48,31 49,39  1,042          22           0
15:24:40 1200  400    0 48,31 49,39  1,074          22           0
15:24:42 1200  400    0 48,31 49,39  1,041         178           0
15:24:44 1200  400    0 48,31 49,39  1,087         100           0
15:24:46 1200  400    0 48,31 49,39  1,071          22           0
15:24:48 1200  400    0 48,31 49,39  1,068          22           0
15:24:50 1200  400    0 48,31 49,39  1,060          22           0
15:24:52 1200  400    0 47,77 49,39  1,048         201           0
15:24:54 1200  400    0 48,31 49,39  1,064         100           0
15:24:56 1200  400    0 48,85 49,39  1,071          22           0
15:24:58 1200  400    0 48,85 49,39  1,054          22           0
15:25:00 1200  400    0 49,39 49,39  1,083         259           0
15:25:02 1200  400    0 49,39 49,39  1,054         178           0
15:25:04 1200  400    0 48,31 49,39  1,055         100           0
15:25:06 1200  400    0 48,31 49,39  1,140          22           0
15:25:08 1200  400    0 49,39 49,39  1,255          22           0
15:25:10 1200  400    0 49,39 49,39  1,086          22           0
15:25:12 1200  400    0 48,85 49,39  1,056         254           0
15:25:14 1200  400    0 49,39 49,39  1,061         229           0
15:25:16 1200  400    0 49,39 49,39  1,063          99           0
15:25:18 1200  400    0 49,39 49,39  1,044          86           0
15:25:20 1200  400    0 49,39 49,39  1,074         203           0
15:25:22 1200  400    0 50,46 50,46  1,095         100           0
15:25:24 1200  400    0 50,46 50,46  1,050         268           0
15:25:26 1200  400    0 50,46 50,46  1,040         137           0
15:25:28 1200  400    0 50,46 50,46  1,047         151           0
15:25:30 1200  400    0 50,46 50,46  1,061         138           0
15:25:33 1200  400    0 50,46 50,46  1,040         229           0
15:25:35 1200  400    0 50,46 50,46  1,050         138           0
15:25:37 1200  400    0 50,46 50,46  1,041         112           0
15:25:39 1200  400    0 50,46 50,46  1,038          99           0
15:25:41 1200  400    0 49,93 50,46  1,063         100           0
15:25:43 1200  400    0 50,46 50,46  1,039         100           0
15:25:45 1200  400    0 50,46 50,46  1,055         100           0
15:25:47 1200  400    0 50,46 50,46  1,028          22           0
15:25:49 1200  400    0 50,46 50,46  1,041          22           0
15:25:51 1200  400    0 50,46 50,46  1,048         100           0
15:25:53 1200  400    0 51,00 51,00  1,050         100           0
15:25:55 1200  400    0 51,00 51,00  1,054         100           0
15:25:57 1200  400    0 51,00 51,00  1,026          22           0
15:25:59 1200  400    0 50,46 51,00  1,026          22           0
15:26:01 1200  400    0 51,00 51,00  1,036         100           0
15:26:03 1200  400    0 51,00 51,00  1,027         100           0
15:26:05 1200  400    0 50,46 51,00  1,042         100           0
15:26:07 1200  400    0 51,00 51,00  1,244          22           0
15:26:09 1200  400    0 50,46 51,00  1,035          22           0
15:26:11 1200  400    0 50,46 51,00  1,044         100           0
15:26:13 1200  400    0 50,46 51,00  1,028         100           0
15:26:15 1200  400    0 50,46 51,00  1,042         100           0
15:26:17 1200  400    0 50,46 51,00  1,035          22           0
15:26:19 1200  400    0 50,46 51,00  1,045          22           0
15:26:21 1200  400    0 50,46 51,00  1,038         100           0
15:26:23 1200  400    0 50,46 51,00  1,034         100           0
15:26:26 1200  400    0 50,46 51,00  1,045         100           0
15:26:28 1200  400    0 50,46 51,00  1,032          22           0
15:26:30 1200  400    0 50,46 51,00  1,051          22           0
15:26:32 1200  400    0 50,46 51,00  1,041         178           0
15:26:34 1200  400    0 50,46 51,00  1,035         100           0
15:26:36 1200  400    0 50,46 51,00  1,042          45           0
15:26:38 1200  400    0 50,46 51,00  1,034          22           0
15:26:40 1200  400    0 50,46 51,00  1,062          22           0
15:26:42 1200  400    0 50,46 51,00  1,037         178           0
15:26:44 1200  400    0 51,00 51,00  1,038         100           0
15:26:46 1200  400    0 50,46 51,00  1,045          22           0
15:26:48 1200  400    0 50,46 51,00  1,028          22           0
15:26:50 1200  400    0 50,46 51,00  1,058          22           0
15:26:52 1200  400    0 51,54 51,54  1,049         178           0
15:26:54 1200  400    0 51,00 51,54  1,035         100           0
15:26:56 1200  400    0 50,46 51,54  1,050          22           0
15:26:58 1200  400    0 51,54 51,54  1,036          22           0
15:27:00 1200  400    0 51,54 51,54  1,098          22           0
15:27:02 1200  400    0 50,46 51,54  1,077         327         247
15:27:04 1200  400    0 50,46 51,54  1,037         135          46
15:27:06 1200  400    0 51,54 51,54  1,143          22           0
15:27:08 1200  400    0 51,00 51,54  1,161          22           0
15:27:10 1200  400    0 50,46 51,54  1,036          22           0
15:27:12 1200  400    0 50,46 51,54  1,033         178           0
15:27:14 1200  400    0 51,54 51,54  1,040         100           0
15:27:16 1200  400    0 50,46 51,54  1,040          22           0
15:27:19 1200  400    0 50,46 51,54  1,031          22           0
15:27:21 1200  400    0 50,46 51,54  1,054          22           0
15:27:23 1200  400    0 50,46 51,54  1,031         178           0
15:27:25 1200  400    0 50,46 51,54  1,048         100           0
15:27:27 1200  400    0 51,54 51,54  1,045          22           0
15:27:29 1200  400    0 50,46 51,54  1,034          22           0
15:27:31 1200  400    0 50,46 51,54  1,062         100           0
15:27:33 1200  400    0 50,46 51,54  1,034         100           0
15:27:35 1200  400    0 51,00 51,54  1,052         100           0
15:27:37 1200  400    0 51,54 51,54  1,030          22           0
15:27:39 1200  400    0 50,46 51,54  1,048          22           0
15:27:41 1200  400    0 51,54 51,54  1,051         100           0
15:27:43 1200  400    0 51,54 51,54  1,038         100           0
15:27:45 1200  400    0 50,46 51,54  1,046         100           0
15:27:47 1200  400    0 51,00 51,54  1,036          22           0
15:27:49 1200  400    0 50,46 51,54  1,041          22           0
15:27:51 1200  400    0 50,46 51,54  1,045         100           0
15:27:53 1200  400    0 50,46 51,54  1,031         100           0
15:27:55 1200  400    0 51,00 51,54  1,048         100           0
15:27:57 1200  400    0 51,00 51,54  1,033          22           0
15:27:59 1200  400    0 50,46 51,54  1,039          22           0
15:28:01 1200  400    0 51,54 51,54  1,050         100           0
15:28:03 1200  400    0 50,46 51,54  1,033         100           0
15:28:05 1200  400    0 50,46 51,54  1,051         100           0
15:28:07 1200  400    0 51,00 51,54  1,243         134           0
15:28:09 1200  400    0 50,46 51,54  1,047          22           0
15:28:12 1200  400    0 51,00 51,54  1,042         100           0
15:28:14 1200  400    0 51,54 51,54  1,032         100           0
15:28:16 1200  400    0 51,54 51,54  1,050         100           0
15:28:18 1200  400    0 50,46 51,54  1,026          22           0
15:28:20 1200  400    0 51,54 51,54  1,042          22           0
15:28:22 1200  400    0 51,00 51,54  1,032         201           0
15:28:24 1200  400    0 51,00 51,54  1,041         100           0
15:28:26 1200  400    0 51,00 51,54  1,051          22           0
15:28:28 1200  400    0 51,54 51,54  1,030          22           0
15:28:30 1200  400    0 50,46 51,54  1,055          22           0
15:28:32 1200  400    0 50,46 51,54  1,035         178           0
15:28:34 1200  400    0 51,54 51,54  1,032         100           0
15:28:36 1200  400    0 51,54 51,54  1,051          22           0
15:28:38 1200  400    0 51,54 51,54  1,034          22           0
15:28:40 1200  400    0 51,00 51,54  1,059          22           0
15:28:42 1200  400    0 50,46 51,54  1,035         178           0
15:28:44 1200  400    0 51,54 51,54  1,037         100           0
15:28:46 1200  400    0 51,00 51,54  1,039          22           0
15:28:48 1200  400    0 51,00 51,54  1,031          22           0
15:28:50 1200  400    0 50,46 51,54  1,049          22           0
15:28:52 1200  400    0 51,00 51,54  1,037         178           0
15:28:54 1200  400    0 51,54 51,54  1,030         100           0
15:28:56 1200  400    0 51,54 51,54  1,048          22           0
15:28:58 1200  400    0 51,54 51,54  1,035          22           0
15:29:00 1200  400    0 52,62 52,62  1,050          22           0
15:29:02 1200  400    0 51,54 52,62  1,031         178           0
15:29:05 1200  400    0 51,54 52,62  1,041         100           0
15:29:07 1200  400    0 51,54 52,62  1,159          22           0
15:29:09 1200  400    0 51,00 52,62  1,115          22           0
15:29:11 1200  400    0 51,00 52,62  1,057          22           0
15:29:13 1200  400    0 51,54 52,62  1,032         178           0
15:29:15 1200  400    0 51,54 52,62  1,039         100           0
15:29:17 1200  400    0 51,54 52,62  1,030          22           0
15:29:19 1200  400    0 51,54 52,62  1,031          22           0
15:29:21 1200  400    0 51,54 52,62  1,041         100           0
15:29:23 1200  400    0 50,46 52,62  1,068         100           0
15:29:25 1200  400    0 51,54 52,62  1,063         100           0
15:29:27 1200  400    0 51,54 52,62  1,033          22           0
15:29:29 1200  400    0 50,46 52,62  1,034          22           0
15:29:31 1200  400    0 51,54 52,62  1,037         100           0
15:29:33 1200  400    0 50,46 52,62  1,028         100           0
15:29:35 1200  400    0 51,54 52,62  1,044         100           0
15:29:37 1200  400    0 51,54 52,62  1,034          22           0
15:29:39 1200  400    0 50,46 52,62  1,039          22           0
15:29:41 1200  400    0 51,54 52,62  1,040         100           0
15:29:43 1200  400    0 51,54 52,62  1,029         100           0
15:29:45 1200  400    0 51,00 52,62  1,048         123           0
15:29:47 1200  400    0 51,00 52,62  1,029          22           0
15:29:49 1200  400    0 51,00 52,62  1,037          22           0
15:29:51 1200  400    0 51,00 52,62  1,058         100           0
15:29:53 1200  400    0 51,00 52,62  1,032         100           0
15:29:55 1200  400    0 51,00 52,62  1,047         100           0
15:29:58 1200  400    0 51,54 52,62  1,031          22           0
15:30:00 1200  400    0 51,54 52,62  1,035          22           0
15:30:02 1200  400    0 51,54 52,62  1,039         100           0
15:30:04 1200  400    0 51,54 52,62  1,034         100           0
15:30:06 1200  400    0 50,46 52,62  1,046         100           0
15:30:08 1200  400    0 51,00 52,62  1,227          45           0
15:30:10 1200  400    0 51,00 52,62  1,057          22           0
15:30:12 1200  400    0 50,46 52,62  1,033         216           0
15:30:14 1200  400    0 51,00 52,62  1,035         241           0
15:30:16 1200  400    0 51,54 52,62  1,055         125           0
15:30:18 1200  400    0 51,54 52,62  1,023          22           0
15:30:20 1200  400    0 50,46 52,62  1,056         189           0
15:30:22 1200  400    0 50,46 52,62  1,040         178           0
15:30:24 1200  400    0 51,54 52,62  1,041         229           0
15:30:26 1200  400    0 51,00 52,62  1,048         137           0
15:30:28 1200  400    0 51,54 52,62  1,037         189           0
15:30:30 1200  400    0 51,00 52,62  1,052          60           0
15:30:32 1200  400    0 51,54 52,62  1,035         268           0
15:30:34 1200  400    0 51,54 52,62  1,035         177           0
15:30:36 1200  400    0 51,54 52,62  1,050          86           0
15:30:38 1200  400    0 51,00 52,62  1,031         125           0
15:30:40 1200  400    0 51,00 52,62  1,054          22           0
15:30:42 1200  400    0 51,54 52,62  1,037         178           0
15:30:44 1200  400    0 51,54 52,62  1,032         100           0
15:30:46 1200  400    0 51,54 52,62  1,041          22           0
15:30:48 1200  400    0 51,54 52,62  1,028          22           0
15:30:51 1200  400    0 51,54 52,62  1,051          22           0
15:30:53 1200  400    0 51,54 52,62  1,031         178           0
15:30:55 1200  400    0 50,46 52,62  1,036         100           0
15:30:57 1200  400    0 51,54 52,62  1,043          22           0
15:30:59 1200  400    0 51,54 52,62  1,032          22           0
15:31:01 1200  400    0 51,54 52,62  1,053         100           0
15:31:03  600  250    0 48,31 52,62    859         145         110
15:31:05  600  250    0 47,24 52,62    859          99           0
15:31:07  600  250    0 46,70 52,62  1,050          44          24
15:31:09  600  250    0 45,08 52,62    862          22           0
15:31:11  600  250    0 45,08 52,62    872          99           0
15:31:13  600  250    0 45,08 52,62    853          99           0
15:31:15  600  250    0 44,01 52,62    879          99           0
15:31:17  600  250    0 44,01 52,62    838          22           0
15:31:19  600  250    0 44,01 52,62    856          22           0
15:31:21  600  250    0 43,47 52,62    854          99           0
15:31:23  600  250    0 42,93 52,62    842          99           0
15:31:25  600  250    0 42,93 52,62    862          99           0
15:31:27  600  250    0 42,93 52,62    838          22           0
15:31:30  600  250    0 42,93 52,62    855          22           0
15:31:32  600  250    0 42,93 52,62    884         334           0
15:31:34  600  250    0 42,39 52,62    854         329           0
15:31:36  600  250    0 42,39 52,62    867         181           0
15:31:38  600  250    0 41,86 52,62    849          22           0
15:31:40  600  250    0 41,86 52,62    865          81           0
15:31:42  600  250    0 41,32 52,62    853         176           0
15:31:44  600  250    0 41,86 52,62    855          22           0
15:31:46  600  250    0 41,86 52,62    864          99           0
15:31:48  600  250    0 41,32 52,62    851          22           0
15:31:50  600  250    0 41,32 52,62    872          22           0
15:31:52  600  250    0 40,78 52,62    859         176           0
15:31:54  600  250    0 40,78 52,62    846          99           0
15:31:56  600  250    0 40,78 52,62    872          22           0
15:31:58  600  250    0 40,78 52,62    854          22           0
15:32:00  600  250    0 40,78 52,62    869          22           0
15:32:02  600  250    0 40,78 52,62    859         177           0
15:32:05  600  250    0 40,78 52,62    902          99           0
15:32:07  600  250    0 40,78 52,62  1,044          22           0
15:32:09  600  250    0 40,78 52,62    889          22           0
15:32:11  600  250    0 40,24 52,62    884          22           0
15:32:13  600  250    0 40,78 52,62    856         176           0
15:32:15  600  250    0 40,78 52,62    868          99           0
15:32:17  600  250    0 40,24 52,62    854          22           0
15:32:19  600  250    0 39,70 52,62    843          22           0
15:32:21  600  250    0 39,70 52,62    868          99           0
15:32:23  600  250    0 40,24 52,62    846          99           0
15:32:25  600  250    0 40,24 52,62    868          99           0
15:32:27  600  250    0 39,70 52,62    843          22           0
15:32:29  600  250    0 40,24 52,62    861          22           0
15:32:31  600  250    0 39,70 52,62    865          99           0
15:32:33  600  250    0 39,70 52,62    855          99           0
15:32:35  600  250    0 39,70 52,62    869          99           0
15:32:37  600  250    0 39,70 52,62    855          22           0
15:32:40  600  250    0 39,70 52,62    853          22           0
15:32:42  600  250    0 39,70 52,62    859          99           0
15:32:44  600  250    0 39,70 52,62    851          99           0
15:32:46  600  250    0 39,70 52,62    919         212         122
15:32:48  600  250    0 39,70 52,62    858         114         168
15:32:50  600  250    0 39,70 52,62    863          22           0
15:32:52  600  250    0 39,70 52,62    848          99           0
15:32:54  600  250    0 39,17 52,62    850          99           0
15:32:56  600  250    0 39,70 52,62    869          99           0
15:32:58  600  250    0 39,70 52,62    852          22           0
15:33:00  600  250    0 39,70 52,62    871          22           0
15:33:02  600  250    0 38,63 52,62    856         176           0
15:33:04  600  250    0 39,17 52,62    845          99           0
15:33:06  600  250    0 39,70 52,62    971          22           0
15:33:08  600  250    0 39,17 52,62    954          22           0
15:33:10  600  250    0 39,17 52,62    886          22           0
15:33:12  600  250    0 39,17 52,62    859         177           0
15:33:15  600  250    0 38,63 52,62    844          99           0
15:33:17  600  250    0 39,70 52,62    880          22           0
15:33:19  600  250    0 39,17 52,62    847          22           0
15:33:21  600  250    0 38,63 52,62    885          22           0
15:33:23  600  250    0 39,70 52,62    854         176           0
15:33:25  600  250    0 39,17 52,62    864          99           0
15:33:27  600  250    0 39,17 52,62    858          22           0
15:33:29  600  250    0 39,17 52,62    863          22           0
15:33:31  600  250    0 39,17 52,62    874          99           0
15:33:33  600  250    0 38,63 52,62    847          99           0
15:33:35  600  250    0 39,70 52,62    885          99           0
15:33:37  600  250    0 38,63 52,62    842          22           0
15:33:39  600  250    0 39,17 52,62    866          22           0
15:33:41  600  250    0 38,63 52,62    865          99           0
15:33:43  600  250    0 39,17 52,62    851          99           0
15:33:45  600  250    0 38,63 52,62    873          99           0
15:33:47  600  250    0 39,17 52,62    845          22           0
15:33:49  600  250    0 39,17 52,62    857          22           0
15:33:52  600  250    0 38,63 52,62    871          99           0
15:33:54  600  250    0 39,17 52,62    848          99           0
15:33:56  600  250    0 38,63 52,62    876          99           0
15:33:58  600  250    0 38,63 52,62    842          44           0
15:34:00  600  250    0 38,63 52,62    867          22           0
15:34:02 1200  400    0 41,32 52,62  1,006         147         120
15:34:04 1200  400    0 44,01 52,62  1,117         100           0
15:34:06 1200  400    0 45,08 52,62  1,147         100           0
15:34:08 1200  400    0 47,24 52,62  1,388          45          24
15:34:10 1200  400    0 47,77 52,62  1,142          22           0
15:34:12 1200  400    0 48,31 52,62  1,120         100           0
15:34:14 1200  400    0 49,39 52,62  1,119         100           0
15:34:16 1200  400    0 49,39 52,62  1,138         100           0
15:34:18 1200  400    0 49,93 52,62  1,118          22           0
15:34:20 1200  400    0 49,93 52,62  1,142          22           0
15:34:22 1200  400    0 50,46 52,62  1,122         178           0
15:34:24 1200  400    0 50,46 52,62  1,120         100           0
15:34:26 1200  400    0 51,00 52,62  1,133          22           0
15:34:28 1200  400    0 52,08 52,62  1,117          22           0
15:34:30 1200  400    0 51,54 52,62  1,142          22           0
15:34:32 1200  400    0 52,08 52,62  1,123         179           0
15:34:34 1200  400    0 52,08 52,62  1,124         100           0
15:34:37 1200  400    0 52,62 52,62  1,131          22           0
15:34:39 1200  400    0 52,62 52,62  1,121          22           0
15:34:41 1200  400    0 52,08 52,62  1,135          22           0
15:34:43 1200  400    0 52,62 52,62  1,122         178           0
15:34:45 1200  400    0 53,69 53,69  1,122         100           0
15:34:47 1200  400    0 53,69 53,69  1,131          22           0
15:34:49 1200  400    0 53,69 53,69  1,126          22           0
15:34:51 1200  400    0 53,69 53,69  1,129          22           0
15:34:53 1200  400    0 53,69 53,69  1,122         178           0
15:34:55 1200  400    0 53,69 53,69  1,125         100           0
15:34:57 1200  400    0 53,69 53,69  1,125          22           0
15:34:59 1200  400    0 54,23 54,23  1,126         142           0
15:35:01 1200  400    0 54,23 54,23  1,125          22           0
15:35:03 1200  400    0 53,69 54,23  1,111         178           0
15:35:05 1200  400    0 54,23 54,23  1,124         100           0
15:35:07 1200  400    0 54,23 54,23  1,282          22           0
15:35:09 1200  400    0 54,23 54,23  1,128          22           0
15:35:11 1200  400    0 54,77 54,77  1,132         100           0
15:35:13 1200  400    0 54,77 54,77  1,122         215           0
15:35:15 1200  400    0 55,84 55,84  1,117         267           0
15:35:17 1200  400    0 54,23 55,84  1,110          22           0
15:35:19 1200  400    0 54,77 55,84  1,147          98           0
15:35:21 1200  400    0 54,23 55,84  1,140         215           0
15:35:23 1200  400    0 55,31 55,84  1,110         215           0
15:35:25 1200  400    0 54,77 55,84  1,131         138           0
15:35:28 1200  400    0 54,77 55,84  1,110          60           0
15:35:30 1200  400    0 54,77 55,84  1,106          99           0
15:35:32 1200  400    0 55,31 55,84  1,136         100           0
15:35:34 1200  400    0 55,31 55,84  1,113         100           0
15:35:36 1200  400    0 54,77 55,84  1,129         100           0
15:35:38 1200  400    0 54,77 55,84  1,103          22           0
15:35:40 1200  400    0 54,77 55,84  1,122          45           0
15:35:42 1200  400    0 54,77 55,84  1,125         100           0
15:35:44 1200  400    0 55,31 55,84  1,112         100           0
15:35:46 1200  400    0 55,84 55,84  1,132         100           0
15:35:48 1200  400    0 55,84 55,84  1,106          22           0
15:35:50 1200  400    0 55,84 55,84  1,130          22           0
15:35:52 1200  400    0 55,84 55,84  1,108         100           0
15:35:54 1200  400    0 55,84 55,84  1,113         100           0
15:35:56 1200  400    0 54,77 55,84  1,129         100           0
15:35:58 1200  400    0 55,84 55,84  1,112          22           0
15:36:00 1200  400    0 55,84 55,84  1,138          22           0
15:36:02 1200  400    0 55,84 55,84  1,113         178           0
15:36:04 1200  400    0 55,84 55,84  1,117         100           0
15:36:06 1200  400    0 55,84 55,84  1,271          22           0
15:36:08 1200  400    0 56,38 56,38  1,278          22           0
15:36:10 1200  400    0 56,38 56,38  1,151          22           0
15:36:12 1200  400    0 56,38 56,38  1,122         100           0
15:36:14 1200  400    0 56,38 56,38  1,119         100           0
15:36:16 1200  400    0 56,38 56,38  1,141         100           0
15:36:19 1200  400    0 56,92 56,92  1,119          22           0
15:36:21 1200  400    0 56,92 56,92  1,136          22           0
15:36:23 1200  400    0 56,92 56,92  1,122         178           0
15:36:25 1200  400    0 56,92 56,92  1,121         100           0
15:36:27 1200  400    0 56,92 56,92  1,134          22           0
15:36:29 1200  400    0 56,92 56,92  1,118          22           0
15:36:31 1200  400    0 56,38 56,92  1,135          22           0
15:36:33 1200  400    0 56,92 56,92  1,123         178           0
15:36:35 1200  400    0 56,92 56,92  1,118         100           0
15:36:37 1200  400    0 56,38 56,92  1,120          22           0
15:36:39 1200  400    0 56,38 56,92  1,097          22           0
15:36:41 1200  400    0 56,38 56,92  1,125          22           0
15:36:43 1200  400    0 56,38 56,92  1,116         178           0
15:36:45 1200  400    0 56,38 56,92  1,121         100           0
15:36:47 1200  400    0 56,38 56,92  1,113          22           0
15:36:49 1200  400    0 56,92 56,92  1,106          22           0
15:36:51 1200  400    0 56,92 56,92  1,128         100           0
15:36:53 1200  400    0 56,92 56,92  1,114         100           0
15:36:55 1200  400    0 56,38 56,92  1,123         100           0
15:36:57 1200  400    0 56,38 56,92  1,103          22           0
15:36:59 1200  400    0 56,38 56,92  1,114         259           0
15:37:01 1200  400    0 56,38 56,92  1,133         100           0
15:37:03 1200  400    0 55,84 56,92  1,109         100           0
15:37:05 1200  400    0 56,38 56,92  1,129         100           0
15:37:07 1200  400    0 56,92 56,92  1,318          22           0
15:37:10 1200  400    0 56,92 56,92  1,118          22           0
15:37:12 1200  400    0 56,92 56,92  1,148         100           0
15:37:14 1200  400    0 56,92 56,92  1,123         100           0
15:37:16 1200  400    0 56,92 56,92  1,166         100           0
15:37:18 1200  400    0 57,46 57,46  1,115          22           0
15:37:20 1200  400    0 56,92 57,46  1,105          45           0
15:37:22 1200  400    0 56,92 57,46  1,135         100           0
15:37:24 1200  400    0 56,92 57,46  1,109         100           0
15:37:26 1200  400    0 56,92 57,46  1,132         100           0
15:37:28 1200  400    0 56,92 57,46  1,104          22           0
15:37:30 1200  400    0 56,92 57,46  1,125          22           0
15:37:32 1200  400    0 56,92 57,46  1,118         100           0
15:37:34 1200  400    0 56,92 57,46  1,105         100           0
15:37:36 1200  400    0 56,92 57,46  1,132         100           0
15:37:38 1200  400    0 56,92 57,46  1,106          22           0
15:37:40 1200  400    0 57,46 57,46  1,142          22           0
15:37:42 1200  400    0 58,00 58,00  1,108         100           0
15:37:44 1200  400    0 56,92 58,00  1,107         100           0
15:37:46 1200  400    0 57,46 58,00  1,136         100           0
15:37:48 1200  400    0 57,46 58,00  1,109          22           0
15:37:50 1200  400    0 57,46 58,00  1,118          22           0
15:37:52 1200  400    0 57,46 58,00  1,105         178           0
15:37:54 1200  400    0 57,46 58,00  1,111         100           0
15:37:56 1200  400    0 57,46 58,00  1,128          22           0
15:37:59 1200  400    0 58,00 58,00  1,095          22           0
15:38:01 1200  400    0 56,92 58,00  1,147          22           0
15:38:03 1200  400    0 57,46 58,00  1,099         178           0
15:38:05 1200  400    0 57,46 58,00  1,099         100           0
15:38:07 1200  400    0 56,92 58,00  1,362          22           0
15:38:09 1200  400    0 56,92 58,00  1,135          22           0
15:38:11 1200  400    0 57,46 58,00  1,120          22           0
15:38:13 1200  400    0 57,46 58,00  1,108         178           0
15:38:15 1200  400    0 56,92 58,00  1,109         100           0
15:38:17 1200  400    0 56,92 58,00  1,129          22           0
15:38:19 1200  400    0 56,92 58,00  1,115          22           0
15:38:21 1200  400    0 56,92 58,00  1,121          22           0
15:38:23 1200  400    0 57,46 58,00  1,102         178           0
15:38:25 1200  400    0 56,92 58,00  1,104         100           0
15:38:27 1200  400    0 57,46 58,00  1,104          22           0
15:38:29 1200  400    0 56,92 58,00  1,096          22           0
15:38:31 1200  400    0 57,46 58,00  1,132          22           0
15:38:33 1200  400    0 56,92 58,00  1,101         178           0
15:38:35 1200  400    0 57,46 58,00  1,119         100           0
15:38:37 1200  400    0 57,46 58,00  1,103          22           0
15:38:39 1200  400    0 57,46 58,00  1,097          22           0
15:38:41 1200  400    0 56,92 58,00  1,110         100           0
15:38:43 1200  400    0 56,92 58,00  1,108         100           0
15:38:45 1200  400    0 56,92 58,00  1,121         100           0
15:38:47 1200  400    0 57,46 58,00  1,098          22           0
15:38:50 1200  400    0 56,92 58,00  1,102          22           0
15:38:52 1200  400    0 57,46 58,00  1,132         100           0
15:38:54 1200  400    0 58,00 58,00  1,118         100           0
15:38:56 1200  400    0 56,92 58,00  1,131         100           0
15:38:58 1200  400    0 58,00 58,00  1,101          22           0
15:39:00 1200  400    0 57,46 58,00  1,109          45           0
15:39:02 1200  400    0 56,92 58,00  1,126         100           0
15:39:04 1200  400    0 57,46 58,00  1,104         100           0
15:39:06 1200  400    0 58,00 58,00  1,121         100           0
15:39:08 1200  400    0 56,92 58,00  1,337          22           0
15:39:10 1200  400    0 56,92 58,00  1,132          22           0
15:39:12 1200  400    0 57,46 58,00  1,138         100           0
15:39:14 1200  400    0 56,92 58,00  1,120         100           0
15:39:16 1200  400    0 57,46 58,00  1,128         100           0
15:39:18 1200  400    0 56,92 58,00  1,097          22           0
15:39:20 1200  400    0 57,46 58,00  1,126          22           0
15:39:22 1200  400    0 57,46 58,00  1,166         100           0
15:39:24 1200  400    0 58,00 58,00  1,154         100           0
15:39:26 1200  400    0 57,46 58,00  1,150         100           0
15:39:28 1200  400    0 57,46 58,00  1,104          22           0
15:39:30 1200  400    0 56,92 58,00  1,141          22           0
15:39:32 1200  400    0 58,00 58,00  1,113         100           0
15:39:34 1200  400    0 58,00 58,00  1,107         100           0
15:39:36 1200  400    0 57,46 58,00  1,132         100           0
15:39:38 1200  400    0 57,46 58,00  1,108          22           0
15:39:41 1200  400    0 56,92 58,00  1,144          22           0
15:39:43 1200  400    0 58,00 58,00  1,108         100           0
15:39:45 1200  400    0 58,00 58,00  1,114         123           0
15:39:47 1200  400    0 58,00 58,00  1,129         100           0
15:39:49 1200  400    0 56,92 58,00  1,104          22           0
15:39:51 1200  400    0 57,46 58,00  1,122          22           0
15:39:53 1200  400    0 56,92 58,00  1,108         179           0
15:39:55 1200  400    0 56,92 58,00  1,107         100           0
15:39:57 1200  400    0 58,00 58,00  1,138          22           0
15:39:59 1200  400    0 56,92 58,00  1,104          22           0
15:40:01 1200  400    0 56,92 58,00  1,147          22           0
15:40:03 1200  400    0 56,92 58,00  1,112         178           0
15:40:05 1200  400    0 58,00 58,00  1,108          99           0
15:40:07 1200  400    0 56,92 58,00  1,412          22           0
15:40:09 1200  400    0 58,00 58,00  1,120          22           0
15:40:11 1200  400    0 58,00 58,00  1,145          22           0
15:40:13 1200  400    0 58,00 58,00  1,114         293           0
15:40:15 1200  400    0 58,00 58,00  1,134         215           0
15:40:17 1200  400    0 56,92 58,00  1,125          22           0
15:40:19 1200  400    0 57,46 58,00  1,117          98           0
15:40:21 1200  400    0 57,46 58,00  1,139         137           0
15:40:23 1200  400    0 56,92 58,00  1,126         254           0
15:40:25 1200  400    0 57,46 58,00  1,144         176           0
15:40:27 1200  400    0 57,46 58,00  1,123          60           0
15:40:30 1200  400    0 57,46 58,00  1,125          99           0
15:40:32 1200  400    0 57,46 58,00  1,151         100           0
15:40:34 1200  400    0 56,92 58,00  1,129         100           0
15:40:36 1200  400    0 56,92 58,00  1,147         100           0
15:40:38 1200  400    0 58,00 58,00  1,122          22           0
15:40:40 1200  400    0 57,46 58,00  1,131          45           0
15:40:42 1200  400    0 57,46 58,00  1,138         100           0
15:40:44 1200  400    0 56,92 58,00  1,126         100           0
15:40:46 1200  400    0 57,46 58,00  1,145         100           0
15:40:48 1200  400    0 56,92 58,00  1,118          22           0
15:40:50 1200  400    0 58,00 58,00  1,127          22           0
15:40:52 1200  400    0 58,00 58,00  1,139         100           0
15:40:54 1200  400    0 56,92 58,00  1,111         100           0
15:40:56 1200  400    0 56,92 58,00  1,127         100           0
15:40:58 1200  400    0 57,46 58,00  1,105          22           0
15:41:00 1200  400    0 56,92 58,00  1,112          22           0
15:41:02  600  250    0 54,23 58,00    982         145         110
15:41:04  600  250    0 52,62 58,00    856          99           0
15:41:06  600  250    0 50,46 58,00    962         121          24
15:41:08  600  250    0 49,39 58,00    967          22           0
15:41:10  600  250    0 48,85 58,00    901          22           0
15:41:12  600  250    0 47,77 58,00    863          99           0
15:41:15  600  250    0 47,24 58,00    859          99           0
15:41:17  600  250    0 47,24 58,00    885          99           0
15:41:19  600  250    0 46,16 58,00    857          22           0
15:41:21  600  250    0 46,16 58,00    909          22           0
15:41:23  600  250    0 45,62 58,00    855         176           0
15:41:25  600  250    0 45,08 58,00    868          99           0
15:41:27  600  250    0 45,08 58,00    891          22           0
15:41:29  600  250    0 44,01 58,00    865          22           0
15:41:31  600  250    0 45,08 58,00    905          22           0
15:41:33  600  250    0 44,55 58,00    856         176           0
15:41:35  600  250    0 44,01 58,00    865          99           0
15:41:37  600  250    0 43,47 58,00    878          22           0
15:41:39  600  250    0 43,47 58,00    867          22           0
15:41:41  600  250    0 43,47 58,00    895          22           0
15:41:43  600  250    0 43,47 58,00    870         176           0
15:41:45  600  250    0 42,93 58,00    886          99           0
15:41:47  600  250    0 42,93 58,00    854          22           0
15:41:50  600  250    0 42,93 58,00    868          22           0
15:41:52  600  250    0 42,93 58,00    884          99           0
15:41:54  600  250    0 42,93 58,00    857          99           0
15:41:56  600  250    0 41,86 58,00    890          99           0
15:41:58  600  250    0 42,93 58,00    864          44           0
15:42:00  600  250    0 41,86 58,00    874          22           0
15:42:02  600  250    0 41,86 58,00    883          99           0
15:42:04  600  250    0 41,86 58,00    875         121           0
15:42:06  600  250    0 41,32 58,00    942         144           0
15:42:08  600  250    0 41,86 58,00  1,116          44           0
15:42:10  600  250    0 40,78 58,00    882          66           0
15:42:12  600  250    0 40,78 58,00    878          99           0
15:42:14  600  250    0 41,32 58,00    869          99           0
15:42:16  600  250    0 40,78 58,00    890          99           0
15:42:18  600  300    0 41,32 58,00    868          22           0
15:42:20  600  250    0 40,78 58,00    909          22           0
15:42:22  600  250    0 40,78 58,00    864          99           0
15:42:25  600  250    0 40,78 58,00    853          99           0
15:42:27  600  250    0 40,78 58,00    892          99           0
15:42:29  600  250    0 40,78 58,00    873          22           0
15:42:31  600  250    0 40,78 58,00    904          22           0
15:42:33  600  250    0 40,78 58,00    871         177           0
15:42:35  600  250    0 40,78 58,00    929         212         199
15:42:37  600  250    0 40,78 58,00    895          92          91
15:42:39  600  250    0 40,24 58,00    859          22           0
15:42:41  600  250    0 39,70 58,00    903          22           0
15:42:43  600  250    0 40,24 58,00    941         176           0
15:42:45  600  250    0 40,78 58,00    874          99           0
15:42:47  600  250    0 40,24 58,00    893          22           0
15:42:49  600  250    0 39,70 58,00    861          22           0
15:42:51  600  250    0 39,70 58,00    902          22           0
15:42:53  600  250    0 40,24 58,00    851         176           0
15:42:55  600  250    0 39,70 58,00    888          99           0
15:42:57  600  250    0 39,70 58,00    861          22           0
15:43:00  600  250    0 39,70 58,00    865          22           0
15:43:02  600  250    0 39,70 58,00    912          99           0
15:43:04  600  250    0 39,70 58,00    868          99           0
15:43:06  600  250    0 39,70 58,00    908          99           0
15:43:08  600  250    0 39,70 58,00  1,101          44           0
15:43:10  600  300    0 39,70 58,00    886          22           0
15:43:12  600  250    0 40,24 58,00    886          99           0
15:43:14  600  250    0 39,70 58,00    868          99           0
15:43:16  600  250    0 39,70 58,00    949          99           0
15:43:18  600  250    0 39,17 58,00    879          22           0
15:43:20  600  250    0 39,70 58,00    868          22           0
15:43:22  600  250    0 39,70 58,00    877          99           0
15:43:24  600  250    0 39,70 58,00    868          99           0
15:43:26  600  250    0 39,70 58,00    869          99           0
15:43:28  600  250    0 39,70 58,00    862          22           0
15:43:30  600  250    0 39,70 58,00    888          22           0
15:43:32  600  250    0 40,24 58,00    875         233           0
15:43:35  600  250    0 39,70 58,00    870          99           0
15:43:37  600  250    0 39,17 58,00    885          99           0
15:43:39  600  250    0 39,17 58,00    861          22           0
15:43:41  600  250    0 39,17 58,00    911          22           0
15:43:43  600  250    0 39,17 58,00    863         176           0
15:43:45  600  250    0 39,70 58,00    859          99           0
15:43:47  600  250    0 39,70 58,00    886          22           0
15:43:49  600  250    0 39,17 58,00    867          22           0
15:43:51  600  250    0 39,17 58,00    899          22           0
15:43:53  600  250    0 39,70 58,00    872         176           0
15:43:55  600  250    0 38,63 58,00    858          99           0
15:43:57  600  250    0 39,17 58,00    883          22           0
15:43:59  600  250    0 39,17 58,00    858          22           0
15:44:03 1200  400    0 40,78 58,00  1,078         152          74
15:44:06 1200  400    0 46,70 58,00  1,214         104           0
15:44:09 1200  400    0 49,39 58,00  1,345          55          14
15:44:12 1200  400    0 50,46 58,00  1,239         105           0
15:44:16 1200  400    0 52,08 58,00  1,203         112           0
15:44:19 1200  400    0 53,15 58,00  1,195          28           0
15:44:22 1200  400    0 54,23 58,00  1,204          76           0
15:44:25 1200  400    0 54,77 58,00  1,200         112           0
15:44:29 1200  400    0 55,31 58,00  1,194          26           0
15:44:32 1200  400    0 55,84 58,00  1,201          77           0
15:44:35 1200  400    0 56,92 58,00  1,200         111           0
15:44:39 1200  400    0 56,38 58,00  1,194          28           0
15:44:42 1200  400    0 57,46 58,00  1,210          76           0
15:44:45 1200  400    0 57,46 58,00  1,190          62           0
15:44:48 1200  400    0 57,46 58,00  1,204          77           0
15:44:52 1200  400    0 58,00 58,00  1,201          14           0
15:44:55 1200  400    0 58,53 58,53  1,197         174           0
15:44:58 1200  400    0 58,53 58,53  1,199          28           0
15:45:01 1200  400    0 59,61 59,61  1,201          14           0
15:45:05 1200  400    0 59,07 59,61  1,195         175           0
15:45:08 1200  400    0 59,07 59,61  1,305          28           0
15:45:11 1200  400    0 59,07 59,61  1,205          14           0
15:45:14 1200  400    0 59,07 59,61  1,192         245           0
15:45:18 1200  400    0 59,61 59,61  1,202         100           0
15:45:21 1200  400    0 60,15 60,15  1,164         106           0
15:45:24 1200  400    0 60,69 60,69  1,236         243           0
15:45:28 1200  400    0 60,69 60,69  1,200          86           0
15:45:31 1200  400    0 60,69 60,69  1,203          75           0
15:45:34 1200  400    0 60,15 60,69  1,198         126           0
15:45:37 1200  400    0 60,69 60,69  1,198          62           0
15:45:41 1200  400    0 60,69 60,69  1,199          28           0
15:45:44 1200  400    0 60,69 60,69  1,201         124           0
15:45:47 1200  400    0 61,22 61,22  1,195          62           0
15:45:51 1200  400    0 61,22 61,22  1,190          27           0
15:45:54 1200  400    0 61,22 61,22  1,204         125           0
15:45:57 1200  400    0 61,22 61,22  1,205          62           0
15:46:00 1200  400    0 61,22 61,22  1,191          28           0
15:46:04 1200  400    0 61,22 61,22  1,207         110           0
15:46:07 1200  400    0 61,76 61,76  1,311         104           0
15:46:10 1200  400    0 61,76 61,76  1,199          56           0
15:46:14 1200  400    0 62,30 62,30  1,204         139           0
15:46:17 1200  400    0 62,30 62,30  1,199          72           0
15:46:20 1200  400    0 62,30 62,30  1,198          28           0
15:46:23 1200  400    0 62,30 62,30  1,197         112           0
15:46:27 1200  400    0 62,30 62,30  1,202          77           0
15:46:30 1200  400    0 62,30 62,30  1,201          27           0
15:46:33 1200  400    0 62,30 62,30  1,196         112           0
15:46:36 1200  400    0 62,30 62,30  1,201          77           0
15:46:40 1200  400    0 62,30 62,30  1,189          14           0
15:46:43 1200  400    0 62,30 62,30  1,207          77           0
15:46:46 1200  400    0 62,30 62,30  1,196         124           0
15:46:49 1200  400    0 62,30 62,30  1,199          14           0
15:46:53 1200  400    0 62,84 62,84  1,203          77           0
15:46:56 1200  400    0 62,30 62,84  1,194         125           0
15:46:59 1200  400    0 62,30 62,84  1,215          14           0
15:47:02 1200  400    0 62,84 62,84  1,206          76           0
15:47:06 1200  400    0 62,84 62,84  1,202         124           0
15:47:09 1200  400    0 62,84 62,84  1,298          14           0
15:47:12 1200  400    0 62,84 62,84  1,205          76           0
15:47:16 1200  400    0 62,30 62,84  1,200         112           0
15:47:19 1200  400    0 62,84 62,84  1,192          28           0
15:47:22 1200  400    0 62,30 62,84  1,209          77           0
15:47:25 1200  400    0 62,84 62,84  1,187         112           0
15:47:29 1200  400    0 62,84 62,84  1,204          28           0
15:47:32 1200  400    0 62,30 62,84  1,201          27           0
15:47:35 1200  400    0 62,30 62,84  1,190         111           0
15:47:38 1200  400    0 62,84 62,84  1,193          77           0
15:47:42 1200  400    0 62,84 62,84  1,203          14           0
15:47:45 1200  400    0 63,38 63,38  1,196         124           0
15:47:48 1200  400    0 62,30 63,38  1,201          76           0
15:47:51 1200  400    0 62,84 63,38  1,206          14           0
15:47:55 1200  400    0 62,84 63,38  1,191         125           0
15:47:58 1200  400    0 62,84 63,38  1,203          77           0
15:48:01 1200  400    0 62,30 63,38  1,204          13           0
15:48:05 1200  400    0 62,30 63,38  1,187         125           0
15:48:08 1200  400    0 62,84 63,38  1,311         103           0
15:48:11 1200  400    0 62,84 63,38  1,201          42           0
15:48:14 1200  400    0 62,84 63,38  1,200         153           0
15:48:18 1200  400    0 63,38 63,38  1,191          62           0
15:48:21 1200  400    0 63,38 63,38  1,201          27           0
15:48:24 1200  400    0 62,30 63,38  1,192         125           0
15:48:27 1200  400    0 63,38 63,38  1,192          63           0
15:48:31 1200  400    0 62,84 63,38  1,201          28           0
15:48:34 1200  400    0 62,84 63,38  1,190         123           0
15:48:37 1200  400    0 63,38 63,38  1,195          63           0
15:48:41 1200  400    0 63,38 63,38  1,193          28           0
15:48:44 1200  400    0 63,38 63,38  1,201         125           0
15:48:47 1200  400    0 63,38 63,38  1,200          62           0
15:48:51 1200  400    0 63,38 63,38  1,191          28           0
15:48:54 1200  400    0 62,84 63,38  1,199         119           0
15:48:57 1200  400    0 63,38 63,38  1,191          63           0
15:49:00 1200  400    0 63,38 63,38  1,198         177           0
15:49:04 1200  400    0 63,38 63,38  1,196         110           0
15:49:07 1200  400    0 62,84 63,38  1,329          76           0
15:49:10 1200  400    0 62,30 63,38  1,197          27           0
15:49:13 1200  400    0 63,38 63,38  1,199         110           0
15:49:17 1200  400    0 63,38 63,38  1,198          76           0
15:49:20 1200  400    0 63,38 63,38  1,189          27           0
15:49:23 1200  400    0 63,91 63,91  1,197         110           0
15:49:27 1200  400    0 63,38 63,91  1,198          76           0
15:49:30 1200  400    0 63,38 63,91  1,188          28           0
15:49:33 1200  400    0 63,38 63,91  1,202         110           0
15:49:36 1200  400    0 63,38 63,91  1,190          76           0
15:49:40 1200  400    0 63,38 63,91  1,194          28           0
15:49:43 1200  400    0 63,38 63,91  1,197          59           0
15:49:47 1200  400    0 63,38 63,91  1,197         133           0
15:49:50 1200  400    0 63,38 63,91  1,189          28           0
15:49:53 1200  400    0 63,91 63,91  1,197          62           0
15:49:56 1200  400    0 63,38 63,91  1,196         124           0
15:50:00 1200  400    0 63,38 63,91  1,186          88           0
15:50:03 1200  400    0 63,38 63,91  1,200          77           0
15:50:06 1200  400    0 63,38 63,91  1,234         126           0
15:50:09 1200  400    0 63,91 63,91  1,263          14           0
15:50:13 1200  400    0 64,45 64,45  1,203         124           0
15:50:16 1200  400    0 63,38 64,45  1,198         254           0
15:50:19 1200  400    0 63,91 64,45  1,194          61           0
15:50:22 1200  400    0 63,38 64,45  1,201         173           0
15:50:26 1200  400    0 63,38 64,45  1,221         183           0
15:50:29 1200  400    0 63,38 64,45  1,210         201         171
15:50:32 1200  400    0 63,38 64,45  1,201          76           0
15:50:36 1200  400    0 63,38 64,45  1,195         111           0
15:50:39 1200  400    0 63,38 64,45  1,189          28           0
15:50:42 1200  400    0 63,91 64,45  1,203          77           0
15:50:45 1200  400    0 63,91 64,45  1,187          63           0
15:50:49 1200  400    0 63,91 64,45  1,200          76           0
15:50:52 1200  400    0 63,91 64,45  1,203          28           0
15:50:55 1200  400    0 63,91 64,45  1,194         112           0
15:50:59 1200  400    0 63,38 64,45  1,200          77           0
15:51:01 1200  400    0 63,91 64,45  1,214          19          74
15:51:03  600  250    0 58,00 64,45    843         145          24
15:51:05  600  250    0 55,84 64,45    846          99           0
15:51:07  600  250    0 53,69 64,45  1,071         121          24
15:51:09  600  250    0 53,15 64,45    850          22           0
15:51:11  600  250    0 52,08 64,45    873          22           0
15:51:13  600  250    0 51,00 64,45    854          99           0
15:51:15  600  250    0 50,46 64,45    849          99           0
15:51:17  600  250    0 49,39 64,45    867          99           0
15:51:19  600  250    0 48,85 64,45    841          22           0
15:51:21  600  250    0 48,31 64,45    873          22           0
15:51:24  600  250    0 47,77 64,45    838         176           0
15:51:26  600  250    0 47,77 64,45    850          22           0
15:51:28  600  250    0 47,24 64,45    862          99           0
15:51:30  600  250    0 46,16 64,45    844          22           0
15:51:32  600  250    0 46,70 64,45    878          44           0
15:51:34  600  250    0 46,16 64,45    852         176           0
15:51:36  600  250    0 46,16 64,45    865          99           0
15:51:38  600  250    0 45,08 64,45    839          22           0
15:51:40  600  250    0 45,08 64,45    854          22           0
15:51:42  600  250    0 44,55 64,45    862          22           0
15:51:44  600  250    0 44,55 64,45    862         176           0
15:51:46  600  250    0 44,01 64,45    865          99           0
15:51:48  600  250    0 44,01 64,45    840          22           0
15:51:50  600  250    0 44,01 64,45    859          22           0
15:51:52  600  250    0 44,01 64,45    864          99           0
15:51:54  600  250    0 44,01 64,45    851          99           0
15:51:56  600  250    0 44,01 64,45    854          99           0
15:51:59  600  250    0 42,93 64,45    851          22           0
15:52:01  600  250    0 43,47 64,45    851          22           0
15:52:03  600  250    0 42,93 64,45    864          99           0
15:52:05  600  250    0 42,93 64,45    849          99           0
15:52:07  600  250    0 42,93 64,45  1,077          99           0
15:52:09  600  250    0 42,39 64,45    848          22           0
15:52:11  600  250    0 42,39 64,45    868          22           0
15:52:13  600  250    0 41,86 64,45    848          99           0
15:52:15  600  250    0 41,86 64,45    845          99           0
15:52:17  600  250    0 41,86 64,45    858          99           0
15:52:19  600  250    0 41,86 64,45    852          22           0
15:52:21  600  250    0 41,86 64,45    861          22           0
15:52:23  600  250    0 41,32 64,45    849         176           0
15:52:25  600  250    0 41,32 64,45    831          99           0
15:52:27  600  250    0 41,86 64,45    866          22           0
15:52:29  600  250    0 41,86 64,45    850          22           0
15:52:31  600  250    0 41,32 64,45    873          22           0
15:52:34  600  250    0 41,32 64,45    858         176           0
15:52:36  600  250    0 40,78 64,45    856          99           0
15:52:38  600  250    0 40,78 64,45    869          22           0
15:52:40  600  250    0 41,32 64,45    848          22           0
15:52:42  600  250    0 40,78 64,45    887          44           0
15:52:44  600  250    0 40,78 64,45    854         176           0
15:52:46  600  250    0 40,78 64,45    870          99           0
15:52:48  600  250    0 40,78 64,45    847          22           0
15:52:50  600  250    0 40,78 64,45    927          22           0
15:52:52  600  250    0 40,78 64,45    913          22           0
15:52:54  600  250    0 40,78 64,45    868         176           0
15:52:56  600  250    0 40,78 64,45    900          99           0
15:52:58  600  250    0 40,78 64,45    864          22           0
15:53:00  600  250    0 40,78 64,45    875          22           0
15:53:02  600  250    0 40,78 64,45    894          22           0
15:53:04  600  250    0 40,78 64,45    869         176           0
15:53:06  600  250    0 40,78 64,45  1,057          99           0
15:53:08  600  250    0 39,70 64,45  1,003          22           0
15:53:11  600  250    0 40,24 64,45    873          22           0
15:53:13  600  250    0 40,24 64,45    882          99           0
15:53:15  600  250    0 40,78 64,45    859          99           0
15:53:17  600  250    0 39,70 64,45    883          99           0
15:53:19  600  250    0 40,24 64,45    867          22           0
15:53:21  600  250    0 39,70 64,45    873          22           0
15:53:23  600  250    0 39,70 64,45    871          99           0
15:53:25  600  250    0 39,70 64,45    874          99           0
15:53:27  600  250    0 39,70 64,45    882          99           0
15:53:29  600  300    0 39,70 64,45    868          22           0
15:53:31  600  250    0 39,70 64,45    898          22           0
15:53:33  600  250    0 39,70 64,45    868          99           0
15:53:35  600  250    0 39,17 64,45    855          99           0
15:53:37  600  250    0 39,70 64,45    899          99           0
15:53:39  600  250    0 39,70 64,45    865          22           0
15:53:41  600  250    0 39,70 64,45    893          22           0
15:53:43  600  250    0 39,70 64,45    872          99           0
15:53:46  600  250    0 39,17 64,45    853          99           0
15:53:48  600  250    0 39,70 64,45    880          99           0
15:53:50  600  250    0 39,70 64,45    868          22           0
15:53:52  600  250    0 39,70 64,45    887          44           0
15:53:54  600  250    0 39,70 64,45    869         176           0
15:53:56  600  250    0 39,70 64,45    865          22           0
15:53:58  600  250    0 39,17 64,45    879          99           0
15:54:00  600  250    0 39,17 64,45    866          22           0
